%YAML:1.0
---
colors 0: [ 71, 59, 47, 190, 184, 171, 20, 17, 19, 26, 24, 24, 24, 19,
    34, 26, 24, 24, 140, 141, 137, 187, 185, 174, 132, 136, 131, 131,
    132, 128, 202, 205, 180, 159, 152, 132, 80, 81, 71, 125, 129, 124,
    135, 136, 134, 133, 135, 129, 119, 120, 124, 52, 46, 41, 138, 138,
    132, 52, 46, 39, 113, 111, 117, 23, 19, 31, 117, 122, 121, 90, 89,
    91, 95, 83, 59, 101, 91, 67, 62, 55, 46, 63, 56, 47, 84, 80, 69, 16,
    15, 25, 83, 75, 58, 242, 242, 224, 93, 80, 58, 242, 244, 225, 64, 62,
    61, 22, 19, 34, 53, 36, 123, 242, 244, 225, 52, 37, 121, 168, 154,
    118, 127, 130, 135, 16, 15, 25, 56, 41, 125, 126, 129, 134, 35, 27,
    28, 245, 247, 228, 77, 77, 83, 59, 48, 128, 37, 39, 40, 38, 37, 39,
    61, 73, 97, 50, 67, 94, 47, 64, 91, 232, 228, 210, 207, 215, 205, 29,
    30, 51, 51, 71, 96, 87, 116, 123, 172, 181, 171, 85, 88, 86, 87, 116,
    123, 76, 79, 83, 202, 203, 193, 93, 91, 97, 48, 40, 105, 75, 63, 45,
    162, 163, 153, 225, 235, 222, 148, 149, 139, 114, 121, 118, 24, 23,
    43, 96, 102, 97, 171, 172, 163, 63, 84, 116, 131, 142, 134, 173, 172,
    162, 185, 189, 164, 176, 183, 168, 128, 121, 104, 135, 142, 145, 90,
    102, 106, 125, 134, 144, 119, 124, 122, 172, 168, 157, 149, 160, 150,
    94, 108, 114, 93, 88, 85, 27, 26, 30, 124, 132, 145, 128, 142, 148,
    36, 34, 40, 15, 17, 35, 93, 98, 96, 21, 17, 23, 132, 140, 133, 96,
    101, 99, 135, 146, 136, 169, 176, 163, 76, 81, 80, 230, 225, 210,
    170, 176, 159, 88, 77, 55, 32, 27, 26, 56, 54, 44, 77, 79, 79, 59,
    55, 44, 90, 112, 124, 236, 239, 224, 52, 48, 47, 22, 18, 24, 142,
    142, 136, 17, 13, 18, 141, 142, 126, 23, 18, 27, 65, 83, 114, 92,
    110, 121, 94, 104, 104, 27, 23, 22, 173, 167, 144, 20, 18, 24, 65,
    70, 85, 97, 115, 126, 196, 198, 176, 27, 38, 52, 66, 78, 102, 126,
    128, 122, 67, 61, 50, 153, 151, 143, 54, 40, 128, 72, 62, 44, 62, 48,
    136, 142, 142, 136, 52, 60, 77, 46, 50, 68, 68, 62, 51, 79, 80, 130,
    43, 40, 36, 134, 143, 140, 24, 28, 53, 59, 46, 132, 143, 145, 139,
    96, 116, 121, 71, 68, 123, 238, 239, 223, 202, 201, 181, 31, 34, 42,
    139, 138, 134, 55, 40, 124, 24, 27, 55, 26, 28, 59, 122, 127, 128,
    77, 74, 130, 130, 138, 131, 102, 121, 124, 55, 39, 127, 54, 40, 128,
    177, 181, 169, 163, 159, 148, 26, 28, 59, 71, 69, 121, 17, 13, 19,
    158, 156, 148, 177, 182, 167, 110, 114, 109, 201, 205, 194, 104, 101,
    97, 28, 23, 25, 192, 193, 173, 85, 73, 55, 74, 71, 127, 149, 147,
    139, 203, 204, 184, 123, 130, 125, 37, 34, 36, 130, 138, 131, 32, 29,
    38, 26, 33, 48, 116, 111, 108, 107, 115, 114, 74, 74, 128, 106, 114,
    114, 17, 20, 35, 115, 118, 132, 211, 213, 193, 90, 95, 93, 55, 38,
    129, 26, 20, 21, 106, 114, 114, 97, 121, 133, 17, 21, 39, 136, 146,
    140, 162, 160, 150, 75, 78, 116, 191, 191, 173, 202, 203, 183, 100,
    123, 131, 18, 22, 40, 162, 160, 150, 179, 183, 178, 95, 117, 123 ]
colors 1: [ 57, 49, 42, 254, 254, 254, 192, 200, 189, 130, 131, 129, 129,
    130, 126, 254, 254, 254, 135, 135, 129, 129, 132, 130, 94, 87, 72,
    135, 136, 127, 94, 80, 68, 92, 79, 65, 59, 46, 32, 48, 39, 30, 217,
    216, 202, 132, 133, 129, 215, 215, 203, 130, 135, 126, 133, 134, 130,
    134, 133, 129, 69, 97, 131, 25, 23, 42, 92, 82, 75, 39, 38, 42, 74,
    71, 126, 193, 193, 181, 132, 137, 140, 138, 140, 140, 71, 80, 94, 43,
    44, 42, 239, 240, 224, 98, 89, 76, 79, 66, 52, 48, 54, 61, 241, 242,
    226, 115, 121, 116, 20, 18, 18, 147, 148, 146, 40, 38, 38, 21, 17,
    23, 22, 17, 26, 23, 22, 24, 101, 117, 123, 46, 46, 46, 97, 109, 113,
    40, 17, 121, 25, 22, 24, 87, 97, 97, 26, 23, 25, 24, 20, 45, 138,
    138, 132, 19, 15, 14, 229, 233, 214, 60, 99, 121, 39, 46, 49, 32, 33,
    59, 21, 20, 22, 48, 97, 123, 38, 99, 125, 100, 116, 122, 60, 103,
    122, 70, 68, 127, 93, 100, 103, 108, 116, 115, 72, 77, 78, 99, 115,
    121, 71, 79, 79, 89, 75, 56, 94, 101, 104, 72, 70, 70, 96, 111, 114,
    146, 146, 140, 92, 101, 104, 74, 79, 80, 95, 112, 115, 19, 16, 18,
    21, 20, 22, 103, 110, 107, 54, 102, 120, 28, 32, 57, 94, 109, 112,
    149, 158, 148, 72, 77, 78, 130, 139, 129, 43, 100, 121, 55, 102, 123,
    91, 103, 105, 140, 140, 122, 101, 106, 105, 53, 45, 32, 144, 144,
    138, 112, 118, 113, 51, 42, 28, 66, 109, 126, 56, 103, 124, 74, 87,
    101, 146, 150, 139, 68, 74, 133, 84, 91, 88, 99, 116, 119, 153, 146,
    129, 182, 183, 167, 183, 184, 174, 189, 192, 183, 30, 26, 31, 74, 79,
    80, 43, 40, 42, 61, 53, 36, 181, 185, 173, 146, 149, 140, 121, 127,
    122, 139, 138, 134, 104, 115, 112, 81, 87, 86, 124, 123, 119, 32, 72,
    97, 181, 186, 171, 93, 115, 121, 120, 117, 113, 183, 188, 179, 67,
    70, 114, 66, 97, 118, 56, 99, 120, 79, 85, 84, 137, 142, 133, 69, 76,
    73, 99, 114, 117, 33, 30, 32, 189, 192, 183, 75, 83, 83, 23, 21, 20,
    35, 30, 27, 70, 76, 75, 71, 79, 79, 112, 118, 113, 188, 189, 179, 18,
    19, 17, 185, 189, 177, 185, 189, 177, 11, 12, 10, 63, 69, 68, 41, 83,
    106, 83, 86, 90, 73, 78, 76, 194, 196, 190, 187, 188, 178, 187, 189,
    177, 184, 188, 177, 76, 76, 130, 182, 184, 172, 187, 188, 178, 74,
    79, 77, 229, 230, 214, 80, 86, 85, 68, 75, 72, 50, 55, 53, 70, 89,
    97, 38, 38, 38, 73, 77, 78, 15, 18, 16, 144, 152, 142, 187, 187, 175,
    24, 21, 23, 97, 116, 119, 174, 180, 169, 98, 119, 121, 53, 96, 113,
    23, 20, 22, 229, 229, 215, 175, 181, 170, 80, 91, 89, 98, 113, 115,
    88, 79, 59, 96, 114, 115, 66, 72, 67, 193, 195, 189, 77, 85, 85, 129,
    134, 125, 78, 87, 90, 43, 87, 111, 184, 186, 174, 41, 23, 124, 179,
    183, 172, 116, 103, 77, 29, 24, 26, 98, 118, 119, 75, 83, 83, 79,
    104, 130, 40, 32, 32, 177, 181, 170, 68, 79, 77, 170, 180, 168, 226,
    228, 216, 187, 195, 185, 175, 179, 168, 110, 113, 111, 87, 110, 142,
    23, 23, 23, 71, 76, 121, 82, 95, 97, 81, 87, 82, 24, 24, 24, 24, 21,
    23, 16, 13, 15, 174, 181, 168, 16, 13, 15, 143, 148, 139, 24, 27, 41,
    110, 129, 137, 64, 72, 71, 100, 120, 125, 47, 42, 43, 175, 182, 169,
    189, 189, 183 ]
colors 2: [ 239, 238, 228, 69, 57, 45, 81, 72, 62, 221, 228, 215, 255,
    255, 254, 203, 199, 181, 85, 70, 44, 203, 206, 181, 255, 254, 250,
    90, 78, 66, 255, 250, 227, 78, 64, 52, 68, 56, 44, 75, 67, 54, 77,
    68, 55, 209, 186, 140, 208, 181, 137, 209, 211, 189, 197, 195, 165,
    236, 220, 183, 197, 200, 178, 25, 20, 22, 236, 220, 183, 152, 140,
    112, 148, 144, 120, 72, 61, 34, 148, 144, 120, 166, 157, 143, 63, 56,
    41, 86, 86, 74, 255, 253, 218, 255, 250, 213, 68, 56, 44, 165, 149,
    136, 72, 63, 50, 58, 47, 33, 95, 80, 64, 51, 35, 22, 65, 58, 39, 55,
    39, 33, 255, 255, 221, 49, 35, 23, 113, 95, 66, 155, 132, 116, 127,
    109, 86, 64, 51, 37, 87, 91, 86, 54, 42, 32, 152, 130, 118, 54, 45,
    31, 76, 70, 65, 77, 60, 39, 221, 230, 217, 72, 67, 66, 75, 66, 62,
    45, 40, 41, 62, 49, 35, 37, 95, 117, 83, 84, 80, 102, 93, 66, 89, 93,
    88, 31, 79, 103, 114, 110, 92, 90, 76, 57, 255, 255, 254, 37, 86,
    108, 61, 43, 26, 67, 55, 43, 74, 72, 78, 228, 230, 201, 226, 228,
    199, 86, 90, 85, 81, 124, 127, 89, 93, 88, 79, 60, 39, 64, 63, 65,
    96, 95, 99, 36, 33, 35, 28, 56, 80, 75, 104, 135, 16, 18, 18, 208,
    179, 134, 69, 68, 72, 17, 15, 15, 35, 71, 87, 36, 96, 120, 218, 190,
    129, 72, 75, 79, 61, 109, 121, 41, 39, 39, 70, 118, 124, 195, 198,
    183, 54, 99, 112, 56, 95, 110, 17, 14, 16, 198, 199, 183, 196, 200,
    181, 108, 116, 109, 196, 200, 181, 58, 44, 32, 87, 91, 85, 74, 83,
    80, 117, 105, 101, 34, 32, 32, 74, 83, 80, 58, 104, 121, 74, 118,
    125, 42, 40, 40, 66, 96, 101, 42, 67, 77, 48, 98, 118, 51, 101, 119,
    57, 110, 123, 135, 119, 106, 38, 36, 36, 35, 36, 34, 17, 18, 28, 129,
    114, 105, 117, 105, 101, 51, 42, 28, 35, 33, 33, 68, 69, 65, 255,
    252, 254, 14, 14, 14, 60, 101, 116, 73, 122, 130, 254, 254, 254, 62,
    56, 61, 59, 92, 95, 100, 89, 69, 51, 103, 120, 79, 86, 83, 43, 81,
    93, 66, 99, 119, 39, 31, 31, 22, 22, 22, 76, 85, 82, 54, 96, 115, 76,
    115, 123, 29, 77, 101, 76, 85, 82, 54, 99, 110, 47, 35, 33, 43, 44,
    42, 77, 122, 133, 148, 135, 121, 63, 67, 62, 47, 42, 44, 17, 23, 30,
    57, 88, 97, 136, 116, 85, 255, 254, 255, 24, 18, 23, 69, 99, 118, 61,
    58, 60, 252, 252, 246, 35, 36, 34, 49, 97, 115, 77, 119, 126, 76,
    118, 125, 69, 114, 127, 40, 82, 101, 89, 100, 90, 35, 36, 34, 22, 23,
    21, 32, 32, 32, 53, 85, 96, 60, 99, 114, 29, 70, 95, 63, 90, 116, 62,
    89, 115, 43, 70, 90, 24, 18, 23, 40, 70, 87, 48, 92, 109, 75, 84, 81,
    63, 99, 115, 77, 84, 79, 72, 112, 117, 44, 90, 107, 54, 101, 115, 51,
    92, 107, 44, 79, 92, 180, 186, 169, 25, 28, 36, 32, 30, 30, 31, 82,
    108, 119, 107, 101, 67, 113, 121, 33, 33, 33, 32, 55, 70, 228, 228,
    198, 86, 93, 86, 100, 108, 101, 30, 29, 31, 52, 100, 118, 75, 63, 45,
    29, 79, 102, 65, 104, 118, 75, 116, 125, 59, 96, 104, 72, 79, 74,
    164, 169, 154, 54, 87, 96, 69, 117, 123, 107, 127, 122, 32, 73, 98,
    68, 116, 122, 111, 121, 115, 75, 117, 124, 86, 89, 97, 80, 87, 84,
    64, 94, 119, 93, 97, 91, 41, 46, 55, 35, 84, 110, 74, 81, 78, 42, 97,
    118, 228, 228, 198, 167, 175, 158, 52, 53, 51, 31, 29, 29, 228, 228,
    198, 84, 71, 63, 86, 105, 110, 111, 106, 157, 51, 87, 95, 49, 112,
    132, 60, 91, 114, 34, 32, 32, 175, 181, 164, 59, 88, 115, 131, 112,
    105, 48, 94, 112, 187, 193, 170, 16, 17, 31, 34, 32, 32, 25, 79, 104,
    59, 95, 105, 31, 29, 29, 35, 79, 102, 75, 62, 46, 51, 83, 94, 55, 88,
    114, 79, 90, 82, 63, 90, 117, 32, 81, 103, 34, 32, 32, 39, 73, 86,
    102, 110, 103, 29, 29, 29, 81, 67, 48, 106, 127, 125, 104, 126, 124,
    74, 62, 56, 83, 92, 89, 254, 254, 254, 32, 78, 102, 21, 22, 20, 188,
    193, 172, 80, 87, 82, 80, 87, 82, 254, 254, 254, 48, 103, 124, 104,
    125, 123, 98, 121, 123, 63, 95, 106, 71, 77, 72, 185, 190, 169, 77,
    86, 83, 79, 86, 81, 74, 93, 100, 50, 99, 121, 56, 54, 54, 68, 120,
    132, 71, 78, 87, 76, 95, 98, 25, 21, 26, 54, 105, 125, 42, 85, 106,
    71, 76, 74, 60, 90, 115, 81, 90, 87, 85, 95, 89, 38, 37, 47, 99, 114,
    116, 63, 95, 100, 230, 228, 198, 100, 121, 123, 106, 124, 123, 254,
    254, 254, 37, 35, 35, 188, 192, 167, 58, 109, 129, 57, 95, 107, 113,
    134, 132, 52, 105, 125, 60, 91, 114, 78, 85, 80, 99, 120, 122, 38,
    88, 108, 186, 191, 170, 168, 149, 104, 251, 253, 253, 22, 21, 25, 25,
    27, 38, 187, 192, 171, 97, 120, 122, 100, 121, 123, 186, 191, 170,
    97, 118, 120, 78, 89, 81, 76, 85, 82, 187, 192, 171, 229, 228, 200,
    72, 81, 78 ]
colors 3: [ 213, 206, 189, 213, 206, 189, 157, 154, 139, 30, 25, 34, 29,
    25, 31, 132, 137, 135, 24, 19, 21, 46, 38, 38, 30, 27, 42, 67, 70,
    84, 254, 253, 255, 107, 85, 74, 44, 114, 143, 155, 142, 134, 76, 118,
    131, 149, 137, 133, 53, 106, 133, 61, 63, 63, 75, 55, 44, 62, 64, 64,
    21, 20, 22, 70, 70, 70, 66, 54, 54, 100, 101, 105, 86, 87, 91, 110,
    98, 104, 63, 50, 52, 100, 88, 100, 32, 31, 33, 64, 45, 42, 255, 255,
    255, 90, 95, 96, 112, 97, 105, 39, 109, 139, 44, 44, 44, 50, 88, 112,
    252, 254, 255, 21, 21, 21, 75, 113, 125, 84, 81, 97, 56, 110, 133,
    117, 103, 109, 135, 140, 139, 71, 79, 79, 77, 119, 132, 88, 85, 100,
    34, 87, 114, 74, 77, 75, 61, 61, 61, 101, 92, 105, 75, 85, 85, 85,
    83, 103, 22, 22, 22, 99, 84, 65, 56, 101, 122, 76, 66, 72, 54, 110,
    135, 69, 111, 124, 44, 44, 44, 61, 63, 63, 91, 75, 58, 70, 112, 125,
    87, 83, 102, 27, 25, 25, 41, 40, 42, 39, 70, 91, 72, 115, 136, 50,
    69, 90, 30, 27, 29, 255, 255, 255, 76, 86, 86, 137, 143, 138, 254,
    254, 254, 29, 26, 28, 60, 86, 98, 46, 94, 118, 111, 118, 115, 111,
    91, 80, 19, 22, 27, 37, 36, 38, 255, 254, 254, 86, 113, 127, 37, 36,
    38, 71, 79, 79, 56, 61, 86, 26, 26, 26, 44, 97, 130, 254, 254, 254,
    93, 102, 99, 105, 81, 69, 72, 111, 125, 69, 112, 127, 75, 82, 85,
    127, 109, 102, 75, 118, 135, 67, 109, 122, 51, 116, 144, 135, 138,
    159, 77, 97, 108, 54, 97, 118, 92, 111, 118, 51, 115, 145, 47, 59,
    87, 56, 97, 119, 82, 87, 86, 39, 36, 38, 80, 82, 83, 15, 15, 15, 66,
    97, 122, 82, 90, 89, 143, 140, 135, 52, 61, 88, 73, 78, 77, 76, 85,
    89, 66, 74, 73, 27, 21, 26, 24, 22, 28, 17, 14, 16, 116, 125, 122,
    109, 116, 113, 25, 18, 25, 66, 106, 124, 102, 104, 105, 130, 134,
    153, 27, 27, 27, 82, 73, 76, 24, 20, 25, 56, 99, 120, 22, 21, 17,
    146, 125, 117, 24, 21, 23, 96, 100, 95, 27, 24, 26, 59, 98, 120, 254,
    255, 253, 29, 28, 37, 25, 24, 26, 103, 102, 104, 34, 34, 40, 104,
    125, 133, 53, 64, 86, 20, 22, 33, 26, 26, 26, 119, 113, 100, 29, 29,
    29, 192, 196, 190, 108, 115, 110, 74, 86, 90, 113, 112, 108, 103,
    124, 132, 66, 74, 73, 101, 123, 129, 37, 83, 114, 43, 43, 43, 23, 19,
    25, 53, 115, 139, 34, 37, 42, 102, 109, 106, 107, 129, 135, 88, 106,
    113, 77, 85, 84, 42, 30, 28, 71, 89, 96, 152, 153, 157, 106, 125,
    132, 53, 55, 55, 104, 125, 133, 143, 139, 134, 173, 182, 169, 23, 18,
    19, 148, 142, 137, 83, 92, 95, 24, 20, 26, 54, 110, 139, 182, 187,
    172, 21, 18, 27, 101, 121, 132, 47, 112, 143, 80, 93, 95, 82, 91, 88,
    28, 22, 27, 254, 254, 254, 99, 120, 128, 79, 97, 104, 26, 24, 24, 77,
    87, 87, 105, 124, 137, 80, 90, 90, 79, 94, 97, 105, 124, 131, 38, 36,
    48, 78, 124, 135, 77, 87, 87, 43, 98, 125, 28, 30, 31, 46, 85, 100,
    25, 21, 27, 54, 57, 55 ]
colors 4: [ 149, 155, 150, 255, 253, 254, 254, 254, 254, 127, 141, 135,
    24, 23, 27, 27, 44, 71, 44, 108, 138, 42, 109, 140, 70, 76, 89, 114,
    118, 119, 146, 152, 147, 36, 34, 34, 145, 149, 144, 142, 147, 145,
    49, 78, 99, 61, 64, 78, 149, 153, 148, 109, 92, 66, 79, 81, 92, 124,
    129, 128, 138, 143, 142, 38, 69, 92, 45, 114, 141, 89, 92, 100, 87,
    89, 90, 137, 142, 140, 41, 40, 42, 127, 132, 131, 70, 70, 76, 49, 84,
    110, 110, 113, 117, 94, 97, 102, 65, 67, 68, 61, 114, 135, 88, 91,
    95, 134, 141, 138, 41, 42, 40, 68, 70, 70, 74, 71, 73, 113, 116, 120,
    123, 129, 128, 64, 114, 137, 79, 82, 86, 61, 61, 67, 117, 121, 122,
    70, 106, 122, 78, 79, 75, 59, 50, 37, 101, 107, 118, 50, 97, 119, 76,
    76, 76, 55, 119, 144, 31, 30, 32, 20, 21, 25, 30, 32, 33, 66, 68, 68,
    89, 92, 97, 19, 16, 18, 37, 78, 111, 79, 127, 145, 43, 68, 94, 130,
    135, 134, 73, 82, 92, 28, 27, 31, 34, 30, 35, 35, 29, 34, 86, 88, 89,
    121, 111, 101, 17, 16, 18, 89, 75, 53, 34, 31, 33, 80, 119, 133, 83,
    87, 88, 77, 120, 137, 132, 137, 135, 61, 113, 136, 40, 39, 41, 65,
    65, 65, 125, 126, 122, 63, 66, 80, 41, 41, 41, 44, 42, 42, 54, 110,
    135, 38, 35, 37, 82, 82, 88, 65, 69, 74, 45, 43, 43, 118, 121, 119,
    73, 75, 75, 69, 71, 71, 78, 125, 146, 112, 116, 117, 31, 33, 34, 73,
    74, 78, 77, 129, 146, 50, 91, 116, 131, 136, 135, 66, 116, 138, 22,
    23, 37, 129, 134, 132, 74, 125, 141, 31, 30, 32, 67, 65, 64, 37, 36,
    38, 130, 135, 133, 41, 42, 46, 31, 30, 32, 75, 120, 141, 37, 36, 38,
    65, 114, 136, 64, 106, 125, 110, 114, 115, 118, 115, 107, 61, 118,
    140, 253, 254, 252, 83, 96, 98, 84, 122, 140, 34, 37, 41, 56, 88,
    111, 111, 115, 116, 87, 93, 92, 69, 69, 69, 73, 126, 146, 32, 31, 33,
    52, 54, 55, 81, 103, 109, 78, 85, 88, 124, 118, 113, 31, 33, 33, 255,
    255, 250, 67, 103, 121, 102, 113, 110, 149, 128, 96, 71, 80, 83, 77,
    89, 91, 32, 32, 32, 70, 120, 142, 80, 125, 146, 32, 29, 31, 37, 39,
    40, 29, 31, 31, 75, 87, 89, 72, 86, 85, 18, 15, 17, 22, 19, 21, 76,
    109, 128, 120, 122, 122, 14, 14, 14, 138, 130, 113, 80, 94, 93, 72,
    81, 84, 31, 31, 31, 36, 64, 94, 31, 31, 31, 79, 88, 91, 24, 20, 25,
    77, 92, 95, 31, 30, 32, 80, 93, 95, 29, 31, 31, 19, 16, 18, 22, 21,
    25, 31, 31, 31, 120, 116, 111, 18, 19, 17, 31, 30, 32, 30, 29, 31,
    30, 27, 29, 76, 90, 96, 180, 188, 178, 80, 89, 92, 22, 21, 25, 76,
    86, 86, 55, 81, 95, 184, 190, 179, 184, 189, 180, 110, 131, 139, 189,
    195, 178, 83, 105, 111, 40, 38, 38, 68, 80, 82, 81, 114, 133, 31, 31,
    31, 37, 94, 126, 19, 19, 19, 36, 92, 127, 30, 29, 31, 34, 34, 34, 75,
    87, 87, 61, 121, 145, 107, 126, 134, 52, 47, 48, 183, 190, 177, 42,
    40, 40, 93, 107, 103, 108, 110, 110, 112, 133, 135, 86, 105, 112, 78,
    89, 87, 66, 99, 118, 26, 21, 23, 113, 134, 135, 15, 14, 16, 30, 32,
    32, 68, 111, 130, 201, 201, 195, 26, 23, 25, 118, 121, 119, 124, 136,
    136, 89, 102, 100, 183, 190, 177, 30, 29, 31, 27, 23, 28, 114, 138,
    138, 146, 159, 151, 107, 119, 113, 181, 190, 177, 71, 80, 83, 80, 93,
    95, 201, 202, 193, 115, 136, 137, 123, 134, 126 ]
colors 5: [ 253, 253, 253, 160, 165, 156, 248, 254, 243, 49, 45, 44, 49,
    45, 44, 80, 70, 52, 70, 53, 44, 255, 252, 255, 171, 169, 161, 58, 59,
    57, 255, 253, 252, 140, 144, 138, 78, 75, 77, 164, 170, 159, 251,
    246, 215, 86, 86, 80, 204, 206, 194, 75, 75, 75, 127, 116, 96, 127,
    131, 125, 66, 68, 69, 60, 59, 61, 131, 136, 127, 119, 105, 83, 71,
    73, 73, 66, 69, 67, 135, 140, 131, 165, 169, 158, 74, 73, 69, 52, 47,
    32, 145, 147, 141, 70, 72, 72, 126, 132, 121, 24, 22, 28, 151, 159,
    149, 56, 57, 55, 135, 142, 135, 86, 89, 87, 72, 73, 77, 65, 68, 72,
    106, 91, 72, 55, 57, 57, 55, 52, 54, 19, 15, 21, 165, 166, 156, 137,
    141, 135, 56, 51, 52, 50, 49, 51, 168, 170, 158, 55, 58, 62, 145,
    149, 144, 142, 146, 140, 79, 80, 76, 23, 20, 29, 67, 75, 68, 42, 41,
    43, 60, 59, 61, 25, 20, 22, 20, 13, 20, 162, 166, 160, 69, 68, 70,
    67, 67, 67, 142, 146, 140, 28, 21, 28, 140, 146, 141, 24, 22, 28,
    143, 148, 139, 63, 62, 64, 42, 41, 43, 55, 54, 56, 176, 187, 177, 55,
    43, 31, 74, 76, 76, 143, 148, 139, 20, 18, 24, 54, 56, 57, 21, 17,
    23, 21, 17, 23, 22, 18, 23, 30, 27, 29, 75, 76, 74, 57, 56, 58, 72,
    72, 72, 22, 15, 22, 68, 69, 73, 68, 69, 67, 62, 57, 54, 234, 225,
    198, 22, 18, 23, 73, 73, 73, 23, 19, 24, 60, 65, 64, 60, 62, 62, 204,
    208, 197, 102, 91, 71, 204, 208, 197, 25, 19, 24, 18, 14, 19, 34, 30,
    35, 116, 117, 113, 21, 14, 21, 22, 17, 19, 22, 21, 25, 65, 67, 68,
    25, 25, 31, 93, 81, 63, 27, 19, 26, 141, 147, 142, 235, 226, 199, 93,
    79, 61, 24, 23, 27, 25, 17, 27, 150, 150, 138, 66, 50, 43, 23, 19,
    25, 136, 141, 132, 69, 70, 68, 72, 57, 48, 56, 55, 51, 61, 60, 62,
    76, 67, 53, 28, 24, 29, 22, 18, 23, 24, 19, 21, 59, 64, 63, 23, 20,
    22, 20, 16, 21, 123, 130, 123, 110, 114, 103, 99, 97, 89, 72, 72, 72,
    26, 22, 27, 33, 32, 36, 40, 38, 38, 62, 62, 62, 24, 20, 25, 24, 22,
    28, 26, 19, 26, 114, 101, 79, 110, 114, 103, 22, 18, 23, 64, 67, 65,
    32, 31, 33, 60, 62, 62, 98, 99, 90, 36, 34, 34, 95, 96, 92, 104, 110,
    99, 30, 26, 31, 169, 184, 170, 27, 23, 28, 24, 22, 28, 30, 24, 29,
    29, 26, 35, 104, 110, 99, 20, 19, 23, 54, 52, 51, 18, 20, 31, 91, 91,
    85, 33, 30, 32, 59, 56, 48, 31, 28, 30, 89, 103, 102, 102, 105, 96,
    94, 95, 86, 73, 119, 137, 26, 20, 25, 21, 17, 22, 130, 119, 97, 32,
    28, 33, 72, 117, 130, 71, 59, 47, 119, 105, 82, 87, 85, 77, 83, 87,
    81, 54, 49, 50, 81, 85, 79, 122, 130, 119, 51, 49, 49, 117, 122, 113,
    50, 57, 54, 20, 22, 32, 96, 96, 90, 22, 16, 21, 31, 28, 30, 60, 65,
    64, 71, 84, 86, 245, 244, 224, 50, 48, 47, 74, 93, 100, 101, 120,
    123, 68, 65, 67, 42, 41, 43, 103, 120, 123, 202, 206, 194, 138, 142,
    130, 54, 51, 46, 34, 33, 35, 31, 33, 34, 33, 31, 31, 85, 98, 96, 202,
    206, 194, 112, 130, 131, 57, 56, 52, 122, 128, 117, 54, 46, 39, 48,
    45, 40, 172, 185, 171, 87, 74, 58, 103, 125, 136, 133, 141, 130, 53,
    48, 47, 53, 48, 47, 31, 29, 29, 164, 167, 158, 61, 57, 52, 93, 107,
    105, 92, 106, 100, 177, 183, 164, 20, 21, 35, 234, 230, 202, 239,
    235, 206, 35, 34, 36, 22, 23, 37, 239, 246, 231, 33, 32, 34, 29, 31,
    32, 180, 184, 165, 134, 118, 89, 70, 67, 59, 115, 136, 138, 27, 26,
    28, 128, 142, 141, 192, 201, 188, 179, 185, 168, 103, 122, 127, 85,
    99, 95, 130, 141, 125, 115, 128, 120, 252, 251, 253, 240, 241, 221,
    55, 57, 58, 21, 17, 23, 67, 63, 58, 101, 126, 136, 21, 17, 23, 63,
    65, 65, 100, 123, 131 ]
colors 6: [ 74, 67, 47, 57, 57, 45, 56, 60, 48, 141, 154, 140, 76, 69,
    50, 255, 251, 227, 239, 231, 201, 51, 48, 43, 144, 159, 145, 90, 86,
    68, 129, 146, 133, 125, 139, 127, 214, 216, 197, 213, 213, 195, 144,
    146, 140, 50, 49, 39, 183, 200, 187, 62, 56, 49, 74, 75, 73, 94, 102,
    92, 75, 73, 73, 74, 68, 55, 96, 102, 115, 174, 189, 175, 97, 103,
    116, 96, 99, 90, 76, 77, 75, 71, 69, 68, 72, 75, 73, 80, 81, 77, 61,
    64, 62, 74, 75, 73, 21, 22, 20, 79, 80, 78, 67, 69, 70, 138, 147,
    144, 139, 143, 137, 138, 145, 142, 93, 90, 86, 151, 168, 157, 61, 63,
    63, 80, 81, 77, 152, 169, 158, 19, 15, 20, 81, 85, 80, 83, 82, 78,
    60, 60, 60, 77, 77, 77, 143, 146, 137, 83, 85, 79, 191, 197, 186, 22,
    18, 23, 68, 66, 66, 87, 86, 82, 91, 90, 86, 21, 22, 20, 15, 14, 23,
    203, 207, 195, 119, 123, 118, 21, 22, 20, 27, 23, 28, 205, 210, 195,
    45, 45, 45, 78, 81, 79, 50, 50, 50, 55, 57, 58, 101, 101, 113, 71,
    71, 71, 140, 141, 137, 144, 145, 136, 70, 68, 67, 22, 29, 48, 18, 15,
    24, 23, 22, 26, 144, 145, 136, 78, 79, 75, 143, 153, 140, 80, 83, 81,
    63, 63, 63, 86, 85, 81, 23, 18, 27, 72, 74, 74, 33, 30, 22, 23, 19,
    24, 81, 82, 80, 38, 38, 38, 35, 33, 25, 131, 134, 125, 12, 11, 13,
    64, 64, 64, 43, 44, 48, 149, 161, 165, 36, 34, 24, 139, 140, 136, 59,
    61, 91, 19, 15, 20, 50, 45, 42, 124, 120, 115, 24, 22, 22, 20, 18,
    24, 18, 16, 22, 76, 77, 87, 21, 20, 24, 88, 88, 82, 50, 51, 55, 52,
    55, 53, 15, 15, 21, 19, 13, 18, 207, 207, 193, 35, 33, 23, 144, 147,
    138, 44, 40, 39, 205, 205, 187, 79, 78, 74, 95, 94, 90, 35, 33, 33,
    96, 112, 118, 54, 55, 59, 127, 128, 119, 100, 123, 138, 44, 42, 41,
    139, 140, 131, 44, 46, 47, 68, 68, 68, 46, 42, 41, 144, 145, 136, 26,
    22, 27, 22, 17, 19, 34, 32, 32, 40, 38, 37, 61, 62, 72, 28, 26, 26,
    39, 34, 36, 45, 40, 41, 16, 11, 13, 34, 29, 26, 173, 180, 165, 199,
    199, 187, 34, 29, 28, 175, 182, 167, 36, 31, 28, 98, 114, 120, 223,
    227, 215, 141, 147, 136, 19, 20, 24, 19, 15, 20, 81, 87, 106, 61, 61,
    55, 35, 30, 32, 22, 22, 22, 70, 72, 72, 20, 16, 21, 87, 91, 110, 32,
    26, 27, 25, 25, 25, 18, 17, 21, 21, 17, 23, 111, 103, 96, 18, 17, 21,
    25, 20, 22, 176, 183, 168, 49, 46, 42, 115, 116, 107, 227, 231, 212,
    45, 44, 40, 45, 35, 25, 100, 98, 88, 121, 136, 138, 54, 56, 56, 62,
    65, 63, 40, 34, 27, 18, 17, 19, 42, 43, 41, 107, 103, 92, 64, 75, 72,
    129, 146, 149, 47, 44, 40, 33, 30, 26, 50, 46, 45, 131, 137, 126,
    176, 177, 167, 43, 41, 41, 134, 148, 142, 32, 27, 29, 148, 163, 159,
    85, 104, 117, 187, 196, 186, 36, 31, 33, 127, 146, 151, 33, 28, 30,
    20, 16, 21, 36, 40, 35, 83, 103, 114, 81, 100, 103, 51, 48, 44, 131,
    140, 130, 42, 36, 29, 127, 133, 122, 41, 38, 30, 42, 36, 29, 14, 13,
    17, 93, 90, 86, 69, 69, 55, 43, 41, 40, 54, 51, 46, 86, 106, 117,
    168, 184, 177, 18, 17, 21, 37, 32, 34, 82, 109, 119, 123, 132, 119,
    185, 192, 179, 31, 26, 28, 183, 190, 177, 36, 38, 39, 34, 31, 33,
    155, 176, 173, 45, 42, 34, 76, 77, 61, 175, 179, 168, 80, 81, 65,
    248, 247, 226, 128, 140, 128, 85, 104, 107, 125, 136, 126, 132, 142,
    130, 193, 202, 189, 21, 22, 26, 25, 49, 69, 89, 114, 124, 13, 12, 8,
    76, 88, 94, 46, 47, 43, 61, 59, 49, 75, 88, 86, 23, 38, 54, 208, 213,
    192, 249, 248, 227, 22, 42, 60, 200, 203, 187, 22, 29, 46, 76, 88,
    94, 90, 116, 123, 254, 248, 219, 128, 136, 126, 118, 137, 142, 116,
    134, 141, 90, 112, 118, 135, 145, 133, 22, 29, 44, 20, 27, 46, 91,
    99, 92 ]
colors 7: [ 23, 16, 21, 22, 17, 19, 26, 21, 20, 75, 65, 48, 26, 20, 21,
    25, 21, 20, 25, 21, 20, 158, 159, 149, 25, 20, 22, 24, 20, 25, 29,
    22, 19, 24, 20, 25, 17, 18, 22, 155, 152, 147, 25, 18, 21, 17, 18,
    22, 167, 168, 159, 30, 25, 22, 167, 163, 152, 175, 173, 162, 170,
    168, 158, 87, 84, 76, 35, 31, 26, 172, 174, 162, 180, 180, 166, 169,
    166, 158, 33, 33, 33, 34, 29, 38, 177, 176, 162, 24, 23, 27, 25, 20,
    21, 172, 171, 161, 152, 150, 140, 128, 129, 119, 40, 35, 36, 25, 22,
    24, 20, 16, 22, 165, 166, 156, 27, 25, 31, 27, 27, 33, 117, 143, 130,
    149, 146, 142, 171, 173, 161, 184, 199, 185, 20, 16, 21, 59, 54, 45,
    76, 72, 61, 144, 145, 143, 143, 144, 134, 38, 36, 42, 135, 132, 128,
    140, 137, 133, 36, 34, 40, 114, 131, 120, 119, 120, 118, 211, 217,
    198, 89, 100, 92, 209, 218, 198, 17, 15, 21, 161, 165, 159, 53, 52,
    61, 17, 15, 21, 168, 166, 156, 203, 203, 185, 26, 20, 21, 113, 111,
    103, 78, 83, 116, 56, 51, 50, 144, 161, 148, 136, 152, 169, 69, 72,
    110, 78, 83, 116, 255, 253, 253, 87, 96, 116, 21, 20, 24, 117, 120,
    134, 243, 236, 203, 123, 118, 109, 159, 166, 161, 127, 141, 147, 17,
    15, 14, 44, 42, 41, 62, 57, 48, 19, 18, 14, 207, 210, 194, 219, 219,
    201, 9, 11, 12, 96, 108, 144, 48, 44, 43, 63, 66, 81, 26, 27, 23, 48,
    47, 43, 11, 11, 11, 105, 118, 144, 21, 20, 16, 20, 19, 15, 16, 17,
    15, 50, 45, 46, 56, 46, 28, 20, 19, 15, 53, 58, 49, 73, 70, 65, 185,
    199, 188, 185, 196, 180, 40, 37, 32, 14, 15, 13, 18, 14, 13, 217,
    218, 202, 230, 235, 214, 73, 70, 65, 181, 190, 177, 77, 94, 97, 219,
    218, 197, 56, 63, 58, 208, 219, 199, 88, 95, 88, 4, 7, 5, 114, 126,
    120, 106, 115, 112, 104, 118, 114, 89, 100, 97, 171, 175, 170, 67,
    57, 39, 69, 80, 72, 175, 185, 169, 58, 68, 62, 135, 157, 152, 23, 43,
    60, 111, 127, 116, 109, 123, 119, 33, 35, 36, 106, 118, 112, 42, 48,
    43, 86, 103, 122, 108, 129, 130, 31, 27, 26, 66, 57, 37, 12, 13, 11,
    125, 142, 131, 197, 207, 191, 184, 194, 177, 33, 33, 33, 178, 183,
    174, 115, 135, 146, 12, 10, 16, 12, 14, 25, 98, 117, 120, 17, 15, 14,
    105, 118, 116, 168, 192, 190, 215, 224, 203, 65, 80, 83, 64, 79, 82,
    71, 84, 76, 101, 122, 124, 189, 201, 195, 86, 93, 90, 31, 32, 30, 82,
    106, 112, 64, 65, 61, 181, 187, 176, 127, 144, 153, 63, 76, 78, 14,
    16, 17, 91, 114, 116, 32, 33, 31, 134, 150, 156, 129, 146, 135, 177,
    200, 196, 173, 177, 166, 102, 122, 127, 83, 97, 93, 173, 181, 170,
    92, 115, 117, 16, 14, 13, 16, 14, 13, 176, 181, 172, 22, 20, 19, 96,
    118, 123, 91, 114, 116, 115, 130, 122, 180, 188, 171, 83, 94, 91, 94,
    82, 64, 81, 92, 90, 178, 187, 177, 98, 120, 125, 129, 146, 133, 100,
    112, 122, 110, 120, 108, 11, 15, 16, 106, 125, 128, 110, 124, 113,
    36, 32, 31, 161, 176, 162, 97, 119, 124, 88, 102, 91, 111, 127, 116,
    180, 185, 176, 69, 80, 72, 54, 55, 51, 105, 120, 112, 26, 23, 19,
    111, 132, 134, 177, 200, 196, 55, 66, 64, 90, 105, 97, 20, 15, 17,
    83, 106, 108, 92, 115, 117, 171, 192, 189, 43, 42, 38, 106, 125, 128,
    59, 61, 91, 53, 44, 31, 64, 77, 79, 54, 62, 62, 255, 255, 255, 13,
    13, 19, 113, 134, 135, 86, 108, 119 ]
colors 8: [ 151, 145, 132, 123, 136, 138, 79, 70, 61, 147, 138, 125, 123,
    136, 138, 23, 15, 16, 154, 145, 135, 156, 147, 138, 9, 8, 12, 134,
    125, 116, 10, 9, 13, 143, 155, 157, 31, 26, 35, 72, 65, 68, 49, 43,
    48, 125, 130, 139, 43, 39, 45, 46, 44, 73, 50, 45, 54, 137, 143, 150,
    133, 139, 146, 130, 135, 144, 136, 128, 129, 94, 91, 137, 109, 115,
    126, 24, 13, 15, 103, 108, 117, 71, 77, 124, 74, 68, 63, 18, 12, 17,
    22, 22, 22, 16, 12, 17, 14, 14, 20, 40, 37, 39, 36, 13, 121, 8, 6, 6,
    150, 164, 160, 21, 21, 21, 14, 9, 10, 85, 76, 79, 132, 121, 107, 34,
    31, 80, 34, 31, 27, 203, 204, 188, 204, 205, 189, 187, 189, 177, 189,
    189, 175, 132, 121, 107, 189, 189, 175, 78, 75, 90, 23, 22, 24, 84,
    100, 106, 14, 11, 13, 128, 132, 137, 42, 41, 37, 64, 66, 77, 196,
    195, 181, 13, 11, 17, 26, 24, 60, 21, 19, 18, 103, 123, 134, 77, 77,
    91, 62, 67, 92, 27, 23, 34, 200, 200, 184, 109, 114, 105, 26, 27, 17,
    86, 95, 133, 54, 52, 72, 44, 40, 39, 35, 32, 28, 45, 40, 37, 53, 72,
    129, 45, 40, 37, 29, 40, 44, 71, 70, 86, 28, 27, 17, 8, 8, 8, 114,
    114, 108, 78, 75, 70, 91, 89, 119, 82, 83, 104, 165, 171, 154, 89,
    96, 83, 42, 39, 35, 51, 40, 50, 37, 36, 76, 114, 128, 134, 61, 63,
    81, 101, 108, 93, 63, 56, 71, 91, 102, 94, 28, 32, 56, 48, 51, 49,
    30, 35, 38, 105, 113, 103, 76, 77, 97, 73, 73, 103, 115, 128, 130,
    82, 86, 81, 163, 172, 152, 162, 171, 151, 103, 114, 106, 23, 19, 24,
    121, 129, 118, 21, 20, 24, 14, 17, 22, 80, 94, 106, 103, 108, 93, 72,
    80, 73, 23, 19, 24, 92, 93, 91, 162, 170, 153, 94, 113, 118, 85, 97,
    109, 81, 88, 83, 116, 121, 112, 40, 35, 26, 28, 35, 38, 53, 53, 53,
    178, 182, 170, 21, 20, 24, 103, 107, 95, 45, 41, 52, 22, 25, 46, 99,
    103, 91, 167, 171, 152, 46, 43, 39, 72, 78, 89, 94, 113, 116, 194,
    194, 180, 22, 21, 25, 109, 120, 110, 164, 159, 144, 109, 99, 92, 92,
    107, 110, 94, 94, 82, 93, 112, 115, 172, 173, 157, 92, 111, 114, 43,
    36, 27, 161, 169, 152, 181, 184, 169, 179, 183, 171, 115, 123, 116,
    108, 124, 123, 91, 104, 96, 103, 118, 121, 94, 105, 97, 136, 141,
    140, 26, 22, 27, 117, 125, 115, 88, 90, 84, 107, 111, 105, 130, 134,
    123, 25, 23, 22, 16, 13, 15, 11, 11, 11, 177, 179, 167, 116, 124,
    117, 114, 132, 139, 154, 157, 148, 81, 91, 85, 119, 126, 119, 178,
    178, 164, 118, 141, 143, 93, 103, 97 ]
colors 9: [ 187, 185, 175, 135, 146, 150, 91, 117, 131, 81, 79, 98, 127,
    128, 132, 125, 127, 128, 120, 123, 128, 22, 23, 57, 125, 126, 130,
    51, 79, 163, 16, 19, 47, 51, 79, 163, 125, 126, 130, 83, 81, 93, 83,
    81, 93, 47, 43, 68, 31, 30, 69, 89, 85, 96, 16, 14, 13, 29, 34, 37,
    73, 69, 75, 30, 44, 67, 25, 25, 55, 35, 45, 69, 175, 176, 160, 180,
    180, 164, 45, 51, 70, 8, 6, 6, 49, 45, 44, 21, 21, 21, 24, 25, 59,
    55, 81, 165, 85, 96, 94, 100, 109, 106, 36, 40, 68, 106, 113, 110,
    170, 174, 162, 37, 40, 68, 46, 44, 43, 115, 122, 119, 178, 183, 168,
    77, 86, 83, 84, 95, 93, 45, 44, 40, 40, 35, 50, 22, 21, 63, 190, 193,
    184, 24, 21, 23, 20, 17, 19, 30, 37, 40, 156, 156, 142, 23, 20, 22,
    39, 35, 30, 22, 22, 22, 32, 30, 60, 98, 110, 104, 19, 21, 52, 40, 63,
    141, 69, 77, 76, 34, 33, 37, 35, 40, 43, 35, 40, 43, 83, 93, 93, 173,
    177, 166, 29, 36, 39, 62, 66, 61, 165, 172, 159, 86, 100, 96, 83, 99,
    92, 24, 24, 24, 118, 131, 123, 96, 107, 104, 192, 193, 177, 19, 16,
    18, 168, 172, 160, 80, 87, 82, 24, 22, 28, 24, 21, 23, 26, 24, 24,
    104, 116, 110, 111, 122, 120, 85, 99, 95, 26, 23, 25, 47, 48, 46, 42,
    45, 49, 26, 24, 24, 158, 161, 146, 74, 87, 85, 76, 87, 85, 74, 87,
    85, 20, 16, 21, 36, 35, 44, 127, 141, 153, 92, 111, 118, 119, 133,
    145, 22, 21, 23, 24, 26, 44, 24, 26, 44, 139, 134, 113, 74, 87, 85,
    38, 35, 50, 150, 149, 135, 167, 173, 162, 157, 150, 130, 6, 8, 9, 81,
    95, 91, 11, 11, 11, 138, 130, 107, 28, 23, 24, 159, 153, 134, 83, 94,
    92, 27, 26, 68, 30, 37, 40, 31, 36, 45, 10, 10, 10, 30, 37, 40, 81,
    95, 91, 103, 115, 109, 28, 23, 24, 176, 179, 163, 28, 23, 25, 10, 10,
    10, 95, 111, 117, 22, 17, 14, 12, 11, 13, 7, 6, 8, 17, 15, 15, 26,
    25, 67, 28, 27, 29, 88, 107, 115, 86, 98, 102, 22, 18, 13, 80, 94,
    100, 69, 77, 76, 12, 10, 9, 105, 119, 125, 76, 87, 91, 172, 180, 169 ]
colors 10: [ 194, 186, 163, 191, 185, 166, 191, 184, 164, 245, 245, 231,
    194, 190, 172, 192, 188, 170, 198, 183, 151, 191, 185, 156, 42, 42,
    42, 41, 43, 44, 84, 73, 51, 87, 77, 53, 33, 31, 30, 104, 94, 77, 23,
    21, 21, 47, 38, 34, 143, 146, 137, 31, 27, 26, 34, 31, 27, 135, 123,
    95, 141, 122, 95, 52, 100, 136, 8, 9, 13, 25, 26, 30, 40, 85, 122,
    34, 39, 42, 85, 82, 84, 115, 137, 155, 95, 110, 113, 141, 122, 95,
    36, 80, 103, 188, 186, 168, 35, 80, 94, 34, 39, 42, 52, 59, 76, 58,
    101, 134, 50, 57, 72, 46, 45, 41, 42, 49, 66, 59, 60, 51, 184, 185,
    151, 187, 185, 155, 101, 105, 99, 43, 45, 56, 191, 186, 171, 20, 22,
    23, 18, 20, 20, 188, 185, 170, 95, 102, 95, 198, 198, 174, 20, 22,
    23, 36, 42, 53, 16, 14, 13, 101, 105, 99, 38, 42, 43, 41, 87, 111,
    116, 114, 96, 135, 131, 112, 117, 115, 97, 20, 17, 13, 31, 20, 12,
    31, 27, 26, 37, 66, 87, 37, 43, 54, 136, 134, 110, 136, 134, 110, 89,
    94, 95, 162, 163, 147, 29, 20, 11, 21, 22, 26, 131, 129, 105, 88, 95,
    90, 85, 93, 86, 32, 27, 28, 35, 43, 43, 77, 84, 77, 30, 19, 11, 92,
    105, 113, 10, 9, 11, 32, 23, 10, 73, 78, 77, 140, 152, 156, 32, 23,
    10, 178, 179, 177, 60, 64, 59, 30, 28, 28, 18, 15, 11, 86, 89, 87,
    22, 30, 47, 87, 94, 87, 90, 96, 91, 35, 31, 30, 40, 40, 40, 90, 96,
    91, 37, 42, 43, 90, 105, 108, 32, 32, 32, 25, 23, 23, 28, 28, 28, 49,
    44, 41, 117, 126, 116, 90, 98, 87, 109, 112, 103, 18, 24, 37, 48, 46,
    45, 25, 33, 40, 30, 32, 40, 87, 104, 107, 12, 15, 13, 114, 117, 108,
    30, 28, 28, 101, 106, 104, 91, 98, 95, 100, 105, 103, 94, 105, 97,
    36, 44, 51, 34, 41, 66, 42, 52, 62, 21, 28, 53, 19, 21, 55, 31, 37,
    44, 27, 17, 10, 7, 9, 9, 42, 43, 57, 161, 169, 152, 26, 32, 55, 7, 9,
    9, 23, 30, 55, 26, 32, 55, 90, 108, 107, 88, 98, 92 ]
colors 11: [ 249, 239, 205, 235, 233, 209, 19, 21, 22, 198, 198, 192, 21,
    20, 22, 71, 71, 83, 37, 26, 18, 112, 119, 112, 195, 198, 189, 21, 20,
    22, 98, 100, 101, 22, 19, 21, 21, 18, 20, 29, 24, 21, 76, 76, 76,
    189, 180, 160, 164, 172, 162, 188, 179, 159, 29, 23, 16, 50, 44, 33,
    10, 9, 11, 46, 49, 57, 118, 122, 117, 115, 122, 115, 30, 36, 55, 70,
    67, 59, 121, 123, 117, 13, 10, 12, 81, 86, 87, 24, 21, 23, 101, 111,
    105, 39, 34, 25, 104, 121, 124, 108, 115, 110, 108, 123, 126, 101,
    102, 98, 95, 105, 99, 113, 120, 115, 190, 193, 178, 103, 107, 112,
    58, 91, 124, 192, 194, 182, 33, 26, 17, 23, 23, 23, 36, 52, 69, 57,
    50, 41, 112, 117, 118, 33, 32, 34, 184, 177, 158, 193, 193, 179, 118,
    124, 119, 27, 27, 27, 194, 193, 183, 184, 174, 157, 119, 116, 111, 9,
    8, 10, 115, 121, 120, 59, 50, 41, 53, 47, 36, 191, 192, 176, 127,
    124, 120, 193, 193, 179, 47, 41, 34, 55, 92, 120, 15, 13, 13, 193,
    195, 189, 22, 21, 23, 62, 96, 126, 119, 116, 111, 21, 20, 22, 13, 13,
    13, 102, 108, 103, 195, 196, 187, 50, 44, 33, 194, 195, 179, 71, 103,
    132, 140, 146, 153, 194, 196, 184, 125, 132, 125, 64, 97, 130, 59,
    94, 127, 102, 124, 130, 194, 195, 179, 21, 21, 21, 176, 170, 151,
    193, 193, 179, 197, 197, 185, 196, 197, 181, 199, 199, 187, 198, 198,
    186, 30, 34, 39, 182, 175, 155, 29, 28, 32, 197, 197, 191, 54, 52,
    51, 116, 117, 113, 199, 199, 187, 122, 138, 144, 197, 196, 186, 23,
    22, 26, 196, 197, 187, 122, 128, 127, 198, 198, 184, 108, 132, 138,
    50, 44, 33, 130, 143, 141, 194, 195, 185, 231, 234, 208, 191, 191,
    173, 191, 191, 173, 106, 130, 136, 57, 47, 37, 100, 107, 100, 25, 21,
    26, 126, 125, 111, 72, 102, 137, 128, 129, 125, 190, 191, 171, 196,
    196, 184, 63, 100, 128, 57, 64, 107, 198, 199, 190, 116, 122, 117,
    102, 124, 130, 191, 191, 173, 112, 132, 143, 34, 43, 53, 198, 198,
    186, 103, 125, 131, 32, 39, 58, 55, 45, 35 ]
colors 12: [ 151, 148, 134, 143, 142, 128, 84, 82, 74, 84, 82, 74, 70,
    79, 82, 56, 57, 61, 78, 72, 65, 50, 52, 52, 47, 49, 49, 57, 59, 60,
    51, 47, 72, 48, 48, 48, 191, 191, 179, 151, 155, 150, 102, 104, 98,
    61, 62, 60, 57, 62, 61, 78, 90, 92, 26, 28, 29, 78, 90, 92, 65, 59,
    82, 64, 62, 61, 151, 155, 150, 72, 69, 65, 180, 181, 172, 93, 115,
    126, 87, 91, 92, 200, 200, 186, 123, 122, 112, 45, 43, 43, 88, 113,
    123, 202, 202, 196, 45, 45, 45, 45, 43, 43, 88, 111, 126, 22, 21, 23,
    65, 65, 71, 97, 119, 131, 105, 96, 76, 86, 95, 99, 107, 111, 100, 18,
    17, 21, 97, 89, 82, 46, 54, 61, 39, 50, 54, 13, 16, 30, 102, 114,
    114, 86, 101, 104, 91, 90, 86, 20, 20, 26, 32, 30, 30, 90, 115, 125,
    205, 206, 196, 33, 32, 34, 93, 115, 121, 96, 115, 123, 205, 206, 196,
    54, 56, 56, 43, 44, 42, 12, 15, 23, 202, 203, 194, 98, 117, 124, 182,
    183, 173, 88, 106, 113, 49, 47, 47 ]
colors 13: [ 177, 178, 168, 177, 180, 164, 40, 42, 42, 200, 201, 192,
    205, 204, 194, 73, 68, 65, 71, 65, 58, 206, 204, 196, 60, 58, 57, 57,
    54, 56, 25, 21, 20, 24, 20, 19, 28, 23, 24, 79, 75, 70, 75, 71, 66,
    83, 77, 72, 14, 15, 13, 181, 181, 169, 179, 177, 166, 108, 109, 100,
    56, 53, 49, 58, 56, 56, 68, 65, 61, 65, 63, 62, 82, 80, 70, 44, 47,
    45, 78, 67, 63, 107, 108, 99, 69, 66, 62, 87, 79, 72, 181, 181, 169,
    177, 181, 169, 196, 193, 179, 179, 181, 169, 92, 104, 108, 128, 132,
    127, 198, 195, 180, 143, 145, 139, 64, 56, 49, 121, 122, 113, 106,
    110, 104, 73, 74, 70, 59, 58, 54, 87, 103, 109, 194, 192, 181, 84,
    104, 115, 193, 191, 180, 197, 197, 191, 65, 59, 54, 10, 10, 16, 63,
    54, 50, 105, 105, 99, 43, 35, 28, 10, 13, 17, 81, 84, 75, 141, 145,
    134, 10, 10, 16, 53, 54, 52, 36, 36, 36, 160, 166, 155, 183, 183,
    167, 137, 140, 131, 180, 180, 168, 159, 165, 154, 179, 180, 171, 149,
    155, 144, 97, 112, 115, 160, 169, 156, 148, 152, 141, 144, 151, 146,
    84, 75, 66, 102, 102, 96, 117, 118, 109, 141, 145, 134, 167, 171,
    160, 183, 184, 164, 163, 166, 157, 112, 112, 106, 161, 166, 157, 164,
    168, 157, 181, 181, 169, 38, 41, 39 ]
colors 14: [ 255, 255, 242, 255, 255, 247, 219, 217, 206, 148, 139, 125,
    96, 88, 75, 98, 89, 76, 182, 182, 168, 194, 162, 126, 175, 174, 164,
    118, 103, 87, 228, 223, 208, 22, 20, 20, 225, 220, 205, 22, 20, 20,
    217, 217, 205, 34, 32, 32, 72, 68, 63, 34, 34, 34, 218, 218, 202,
    227, 218, 191, 81, 79, 69, 87, 80, 71, 52, 50, 50, 104, 94, 84, 23,
    21, 21, 24, 19, 20, 37, 37, 37, 37, 37, 37, 59, 54, 55, 204, 205,
    196, 45, 43, 42, 78, 77, 67, 79, 73, 68, 105, 96, 83, 100, 120, 131,
    79, 77, 67, 209, 210, 201, 54, 55, 53, 79, 77, 67, 228, 228, 216,
    196, 199, 184, 186, 185, 175, 32, 31, 33, 28, 26, 25, 100, 97, 89,
    214, 213, 203, 135, 138, 129, 50, 48, 47, 101, 102, 92, 80, 77, 69,
    103, 115, 119, 52, 53, 51, 89, 80, 70, 183, 188, 173, 88, 86, 78, 88,
    113, 123, 77, 74, 69, 111, 100, 86, 90, 115, 125, 110, 98, 86, 65,
    62, 58, 111, 112, 108, 108, 109, 105, 50, 48, 48, 75, 75, 69, 103,
    96, 81, 192, 192, 178, 81, 73, 66, 182, 183, 173, 90, 94, 89, 180,
    184, 172, 188, 189, 173, 123, 111, 99, 184, 184, 170, 119, 131, 131,
    83, 75, 68, 82, 76, 71, 104, 97, 82, 36, 32, 37, 109, 96, 88, 117,
    132, 134, 40, 38, 38, 73, 77, 72, 122, 124, 118, 90, 92, 86, 90, 91,
    82, 34, 32, 31, 107, 98, 85, 104, 96, 83, 122, 133, 131, 92, 112,
    123, 59, 58, 54, 100, 116, 122, 103, 119, 125, 207, 206, 196 ]
