%YAML:1.0
---
Matches 0:
   - [ 0, 0, 1, 3.0682485550642014e-02 ]
   - [ 1, 1, 1, 7.1445368230342865e-02 ]
   - [ 3, 3, 1, 7.3504745960235596e-02 ]
   - [ 6, 6, 1, 4.1519328951835632e-02 ]
   - [ 7, 7, 1, 3.9214871823787689e-02 ]
   - [ 8, 10, 1, 6.8013228476047516e-02 ]
   - [ 12, 11, 1, 1.2785884737968445e-01 ]
   - [ 13, 15, 1, 1.2083058804273605e-01 ]
   - [ 15, 13, 1, 8.1684619188308716e-02 ]
   - [ 16, 20, 1, 8.7858483195304871e-02 ]
   - [ 18, 12, 1, 1.1763981729745865e-01 ]
   - [ 19, 19, 1, 4.3841142207384109e-02 ]
   - [ 20, 21, 1, 4.4688209891319275e-02 ]
   - [ 21, 17, 1, 1.1506083607673645e-01 ]
   - [ 22, 41, 1, 1.1903231590986252e-01 ]
   - [ 23, 18, 1, 7.3157064616680145e-02 ]
   - [ 25, 23, 1, 7.2120331227779388e-02 ]
   - [ 26, 36, 1, 9.4760030508041382e-02 ]
   - [ 27, 26, 1, 7.5421147048473358e-02 ]
   - [ 31, 31, 1, 1.0151261091232300e-01 ]
   - [ 32, 52, 1, 5.0550073385238647e-02 ]
   - [ 34, 33, 1, 1.2937484681606293e-01 ]
   - [ 35, 29, 1, 5.9051204472780228e-02 ]
   - [ 37, 25, 1, 5.5132508277893066e-02 ]
   - [ 38, 43, 1, 5.3251083940267563e-02 ]
   - [ 39, 37, 1, 5.6034307926893234e-02 ]
   - [ 40, 38, 1, 9.7033664584159851e-02 ]
   - [ 41, 32, 1, 6.8074449896812439e-02 ]
   - [ 42, 51, 1, 4.0147539228200912e-02 ]
   - [ 45, 46, 1, 3.0821088701486588e-02 ]
   - [ 47, 40, 1, 8.1349864602088928e-02 ]
   - [ 48, 45, 1, 3.8684789091348648e-02 ]
   - [ 49, 65, 1, 4.1454784572124481e-02 ]
   - [ 50, 61, 1, 1.3530267775058746e-01 ]
   - [ 51, 57, 1, 1.1378020793199539e-01 ]
   - [ 52, 68, 1, 1.1096052080392838e-01 ]
   - [ 53, 44, 1, 1.1916945129632950e-01 ]
   - [ 54, 47, 1, 8.6117133498191833e-02 ]
   - [ 55, 39, 1, 6.4020849764347076e-02 ]
   - [ 56, 62, 1, 3.7534162402153015e-02 ]
   - [ 57, 55, 1, 5.8320321142673492e-02 ]
   - [ 58, 56, 1, 6.5737880766391754e-02 ]
   - [ 59, 79, 1, 5.9059791266918182e-02 ]
   - [ 61, 66, 1, 4.5217696577310562e-02 ]
   - [ 65, 39, 1, 6.5239712595939636e-02 ]
   - [ 67, 86, 1, 6.0569617897272110e-02 ]
   - [ 69, 63, 1, 3.5485185682773590e-02 ]
   - [ 71, 53, 1, 1.0059309750795364e-01 ]
   - [ 72, 67, 1, 5.4899670183658600e-02 ]
   - [ 74, 74, 1, 4.6402946114540100e-02 ]
   - [ 76, 92, 1, 9.8807848989963531e-02 ]
   - [ 78, 71, 1, 4.8436921089887619e-02 ]
   - [ 82, 78, 1, 3.6446020007133484e-02 ]
   - [ 83, 82, 1, 3.7639636546373367e-02 ]
   - [ 84, 67, 1, 5.3894102573394775e-02 ]
   - [ 87, 78, 1, 1.3094823062419891e-01 ]
   - [ 90, 88, 1, 1.1644513905048370e-01 ]
   - [ 93, 89, 1, 9.3435965478420258e-02 ]
   - [ 95, 91, 1, 7.6057784259319305e-02 ]
   - [ 99, 87, 1, 9.5891848206520081e-02 ]
   - [ 100, 100, 1, 9.6394501626491547e-02 ]
   - [ 101, 107, 1, 3.1816873699426651e-02 ]
   - [ 104, 129, 1, 3.8575105369091034e-02 ]
   - [ 106, 70, 1, 1.3139909505844116e-01 ]
   - [ 107, 96, 1, 6.1368335038423538e-02 ]
   - [ 111, 109, 1, 1.2774106860160828e-01 ]
   - [ 112, 117, 1, 5.2388899028301239e-02 ]
   - [ 114, 99, 1, 5.7632673531770706e-02 ]
   - [ 116, 115, 1, 1.0682574659585953e-01 ]
   - [ 117, 138, 1, 2.7074491605162621e-02 ]
   - [ 120, 75, 1, 7.5976893305778503e-02 ]
   - [ 122, 105, 1, 1.1123124510049820e-01 ]
   - [ 126, 135, 1, 9.0932510793209076e-02 ]
   - [ 127, 142, 1, 4.2488485574722290e-02 ]
   - [ 128, 104, 1, 8.5395589470863342e-02 ]
   - [ 129, 122, 1, 9.1780602931976318e-02 ]
   - [ 130, 138, 1, 2.3573238402605057e-02 ]
   - [ 134, 126, 1, 4.1379995644092560e-02 ]
   - [ 136, 130, 1, 8.2970939576625824e-02 ]
   - [ 137, 119, 1, 1.0932764410972595e-01 ]
   - [ 140, 160, 1, 5.5304635316133499e-02 ]
   - [ 141, 125, 1, 1.1854602396488190e-01 ]
   - [ 144, 149, 1, 1.2693464756011963e-01 ]
   - [ 145, 124, 1, 1.1014335602521896e-01 ]
   - [ 146, 141, 1, 5.3284354507923126e-02 ]
   - [ 147, 151, 1, 4.0083184838294983e-02 ]
   - [ 149, 168, 1, 6.1411194503307343e-02 ]
   - [ 150, 119, 1, 7.3860615491867065e-02 ]
   - [ 155, 108, 1, 8.8425233960151672e-02 ]
   - [ 156, 158, 1, 7.2452209889888763e-02 ]
   - [ 157, 150, 1, 2.9490375891327858e-02 ]
   - [ 158, 148, 1, 7.2140216827392578e-02 ]
   - [ 159, 211, 1, 1.2062647938728333e-01 ]
   - [ 161, 137, 1, 7.8014254570007324e-02 ]
   - [ 162, 164, 1, 2.9476331546902657e-02 ]
   - [ 163, 140, 1, 4.5833613723516464e-02 ]
   - [ 165, 159, 1, 8.5893899202346802e-02 ]
   - [ 166, 128, 1, 9.0917699038982391e-02 ]
   - [ 167, 134, 1, 1.1864788830280304e-01 ]
   - [ 169, 162, 1, 6.5862543880939484e-02 ]
   - [ 172, 143, 1, 6.0797195881605148e-02 ]
   - [ 174, 157, 1, 8.8157527148723602e-02 ]
   - [ 175, 252, 1, 1.2365183234214783e-01 ]
   - [ 179, 184, 1, 7.8631736338138580e-02 ]
   - [ 180, 214, 1, 6.1456717550754547e-02 ]
   - [ 181, 179, 1, 1.0530124604701996e-01 ]
   - [ 183, 193, 1, 1.3105480372905731e-01 ]
   - [ 190, 163, 1, 4.8198509961366653e-02 ]
   - [ 191, 194, 1, 1.1780875921249390e-01 ]
   - [ 195, 175, 1, 6.5492771565914154e-02 ]
   - [ 196, 181, 1, 8.9430063962936401e-02 ]
   - [ 197, 156, 1, 1.1746200919151306e-01 ]
   - [ 200, 145, 1, 1.0652426630258560e-01 ]
   - [ 201, 144, 1, 5.1921058446168900e-02 ]
   - [ 203, 191, 1, 6.8244487047195435e-02 ]
   - [ 204, 190, 1, 8.9175343513488770e-02 ]
   - [ 208, 208, 1, 1.2016937136650085e-01 ]
   - [ 209, 187, 1, 7.1500435471534729e-02 ]
   - [ 216, 200, 1, 6.0356620699167252e-02 ]
   - [ 223, 202, 1, 1.1207005381584167e-01 ]
   - [ 224, 175, 1, 1.3860413432121277e-01 ]
   - [ 225, 240, 1, 1.3295175135135651e-01 ]
   - [ 226, 254, 1, 1.1961179226636887e-01 ]
   - [ 227, 259, 1, 4.3655615299940109e-02 ]
   - [ 228, 233, 1, 5.1407009363174438e-02 ]
   - [ 229, 263, 1, 9.2100873589515686e-02 ]
   - [ 233, 174, 1, 7.6324179768562317e-02 ]
   - [ 234, 128, 1, 7.5075879693031311e-02 ]
   - [ 235, 274, 1, 8.1736907362937927e-02 ]
   - [ 237, 177, 1, 4.5027669519186020e-02 ]
   - [ 238, 252, 1, 1.2239159643650055e-01 ]
   - [ 239, 203, 1, 5.9631086885929108e-02 ]
   - [ 240, 261, 1, 6.3127472996711731e-02 ]
   - [ 242, 222, 1, 7.9042650759220123e-02 ]
   - [ 243, 220, 1, 1.2801960110664368e-01 ]
   - [ 254, 217, 1, 6.3564129173755646e-02 ]
   - [ 256, 214, 1, 1.3616074621677399e-01 ]
   - [ 257, 227, 1, 4.4701326638460159e-02 ]
   - [ 259, 210, 1, 1.3581633567810059e-01 ]
   - [ 260, 212, 1, 2.8052138164639473e-02 ]
   - [ 261, 199, 1, 4.0517546236515045e-02 ]
   - [ 264, 314, 1, 3.8761831820011139e-02 ]
   - [ 265, 231, 1, 1.2219718098640442e-01 ]
   - [ 268, 216, 1, 3.2506745308637619e-02 ]
   - [ 273, 199, 1, 6.8145498633384705e-02 ]
   - [ 274, 364, 1, 6.1933416873216629e-02 ]
   - [ 277, 205, 1, 8.4275163710117340e-02 ]
   - [ 279, 261, 1, 2.1550722420215607e-02 ]
   - [ 280, 270, 1, 5.9124466031789780e-02 ]
   - [ 281, 228, 1, 6.5517909824848175e-02 ]
   - [ 285, 288, 1, 1.3650733232498169e-01 ]
   - [ 290, 269, 1, 7.9787962138652802e-02 ]
   - [ 291, 96, 1, 1.3347500562667847e-01 ]
   - [ 294, 221, 1, 7.2700627148151398e-02 ]
   - [ 296, 307, 1, 6.6132612526416779e-02 ]
   - [ 299, 318, 1, 5.3813874721527100e-02 ]
   - [ 300, 321, 1, 5.1531471312046051e-02 ]
   - [ 304, 272, 1, 5.2111905068159103e-02 ]
   - [ 307, 237, 1, 3.4421898424625397e-02 ]
   - [ 309, 343, 1, 2.8377721086144447e-02 ]
   - [ 312, 245, 1, 8.0204926431179047e-02 ]
   - [ 313, 266, 1, 3.2031826674938202e-02 ]
   - [ 314, 273, 1, 1.0113520920276642e-01 ]
   - [ 315, 467, 1, 1.3828773796558380e-01 ]
   - [ 317, 291, 1, 5.2874479442834854e-02 ]
   - [ 318, 311, 1, 4.2973317205905914e-02 ]
   - [ 319, 247, 1, 8.6533926427364349e-02 ]
   - [ 320, 247, 1, 7.6953664422035217e-02 ]
   - [ 321, 285, 1, 3.4235574305057526e-02 ]
   - [ 322, 324, 1, 1.1294148862361908e-01 ]
   - [ 323, 302, 1, 2.8411541134119034e-02 ]
   - [ 325, 280, 1, 4.4040527194738388e-02 ]
   - [ 329, 278, 1, 5.7328242808580399e-02 ]
   - [ 331, 344, 1, 9.6877828240394592e-02 ]
   - [ 333, 328, 1, 5.9045977890491486e-02 ]
   - [ 335, 312, 1, 3.2966032624244690e-02 ]
   - [ 336, 421, 1, 4.6550408005714417e-02 ]
   - [ 338, 586, 1, 9.5524027943611145e-02 ]
   - [ 339, 324, 1, 9.3208715319633484e-02 ]
   - [ 341, 267, 1, 5.6475453078746796e-02 ]
   - [ 342, 320, 1, 8.3112172782421112e-02 ]
   - [ 345, 317, 1, 3.0102569609880447e-02 ]
   - [ 346, 317, 1, 2.2953381761908531e-02 ]
   - [ 349, 301, 1, 5.7721052318811417e-02 ]
   - [ 350, 354, 1, 8.3875328302383423e-02 ]
   - [ 351, 317, 1, 3.7682358175516129e-02 ]
   - [ 352, 325, 1, 7.2153754532337189e-02 ]
   - [ 359, 348, 1, 1.3495892286300659e-01 ]
   - [ 361, 395, 1, 3.7176806479692459e-02 ]
   - [ 362, 284, 1, 9.1916628181934357e-02 ]
   - [ 363, 593, 1, 7.6740682125091553e-02 ]
   - [ 364, 333, 1, 4.7697350382804871e-02 ]
   - [ 365, 423, 1, 4.4873818755149841e-02 ]
   - [ 368, 339, 1, 1.1548942327499390e-01 ]
   - [ 369, 314, 1, 6.7325837910175323e-02 ]
   - [ 370, 339, 1, 8.0561392009258270e-02 ]
   - [ 371, 355, 1, 1.2353171408176422e-01 ]
   - [ 373, 596, 1, 8.1845752894878387e-02 ]
   - [ 376, 395, 1, 3.3097397536039352e-02 ]
   - [ 378, 298, 1, 7.2020716965198517e-02 ]
   - [ 379, 528, 1, 1.1755263805389404e-01 ]
   - [ 381, 335, 1, 1.2237853556871414e-01 ]
   - [ 382, 631, 1, 1.2096612900495529e-01 ]
   - [ 386, 403, 1, 2.8824463486671448e-02 ]
   - [ 388, 400, 1, 3.7692271173000336e-02 ]
   - [ 396, 363, 1, 1.1445183306932449e-01 ]
   - [ 398, 446, 1, 1.0478672385215759e-01 ]
   - [ 399, 403, 1, 2.9527258127927780e-02 ]
   - [ 400, 563, 1, 6.6410884261131287e-02 ]
   - [ 401, 588, 1, 3.4784961491823196e-02 ]
   - [ 403, 378, 1, 2.9321437701582909e-02 ]
   - [ 404, 337, 1, 5.7718489319086075e-02 ]
   - [ 406, 589, 1, 1.0182480514049530e-01 ]
   - [ 407, 370, 1, 1.1029851436614990e-01 ]
   - [ 409, 499, 1, 4.6495243906974792e-02 ]
   - [ 412, 355, 1, 8.5332743823528290e-02 ]
   - [ 413, 402, 1, 8.1772953271865845e-02 ]
   - [ 419, 337, 1, 6.2495172023773193e-02 ]
   - [ 422, 379, 1, 8.7186865508556366e-02 ]
   - [ 423, 504, 1, 3.1790152192115784e-02 ]
   - [ 429, 400, 1, 4.8682171851396561e-02 ]
   - [ 431, 350, 1, 5.5121697485446930e-02 ]
   - [ 435, 537, 1, 8.4444969892501831e-02 ]
   - [ 437, 415, 1, 5.4339025169610977e-02 ]
   - [ 439, 459, 1, 5.7920414954423904e-02 ]
   - [ 443, 633, 1, 8.3779849112033844e-02 ]
   - [ 444, 392, 1, 1.3605867326259613e-01 ]
   - [ 445, 605, 1, 7.8560203313827515e-02 ]
   - [ 446, 688, 1, 6.3457109034061432e-02 ]
   - [ 447, 433, 1, 9.4812959432601929e-02 ]
   - [ 448, 462, 1, 5.1876522600650787e-02 ]
   - [ 451, 618, 1, 1.1400865018367767e-01 ]
   - [ 452, 377, 1, 5.5840395390987396e-02 ]
   - [ 456, 275, 1, 4.9998931586742401e-02 ]
   - [ 457, 432, 1, 1.3859501481056213e-01 ]
   - [ 458, 484, 1, 3.5668250173330307e-02 ]
   - [ 459, 450, 1, 6.9609187543392181e-02 ]
   - [ 461, 387, 1, 7.2756730020046234e-02 ]
   - [ 463, 464, 1, 5.7885449379682541e-02 ]
   - [ 464, 562, 1, 1.1257215589284897e-01 ]
   - [ 466, 525, 1, 3.6335945129394531e-02 ]
   - [ 469, 478, 1, 7.8422360122203827e-02 ]
   - [ 471, 430, 1, 1.0435076802968979e-01 ]
   - [ 473, 644, 1, 3.8418799638748169e-02 ]
   - [ 474, 687, 1, 8.0781556665897369e-02 ]
   - [ 475, 451, 1, 9.6591092646121979e-02 ]
   - [ 478, 361, 1, 1.4171192422509193e-02 ]
   - [ 480, 487, 1, 1.0952142626047134e-01 ]
   - [ 484, 460, 1, 3.8504254072904587e-02 ]
   - [ 486, 465, 1, 4.7666244208812714e-02 ]
   - [ 489, 413, 1, 1.4122112095355988e-01 ]
   - [ 490, 334, 1, 5.6100439280271530e-02 ]
   - [ 494, 360, 1, 1.1307355016469955e-01 ]
   - [ 495, 461, 1, 6.2900155782699585e-02 ]
   - [ 496, 458, 1, 2.5019440799951553e-02 ]
   - [ 497, 452, 1, 8.3391539752483368e-02 ]
   - [ 498, 570, 1, 1.3610775768756866e-01 ]
   - [ 499, 527, 1, 5.5305521935224533e-02 ]
   - [ 501, 502, 1, 4.6811971813440323e-02 ]
   - [ 502, 572, 1, 1.3823613524436951e-01 ]
   - [ 504, 612, 1, 1.4124108850955963e-01 ]
   - [ 506, 540, 1, 7.2215832769870758e-02 ]
   - [ 507, 476, 1, 7.0350065827369690e-02 ]
   - [ 508, 840, 1, 8.4842100739479065e-02 ]
   - [ 509, 436, 1, 8.7760597467422485e-02 ]
   - [ 510, 600, 1, 1.1344696581363678e-01 ]
   - [ 511, 387, 1, 7.4170932173728943e-02 ]
   - [ 513, 426, 1, 5.3252644836902618e-02 ]
   - [ 514, 547, 1, 7.0981875061988831e-02 ]
   - [ 516, 457, 1, 9.7617574036121368e-02 ]
   - [ 522, 539, 1, 7.7685020864009857e-02 ]
   - [ 523, 591, 1, 8.5950993001461029e-02 ]
   - [ 524, 493, 1, 1.3706974685192108e-01 ]
   - [ 528, 529, 1, 7.8756667673587799e-02 ]
   - [ 530, 645, 1, 1.3020487129688263e-01 ]
   - [ 531, 534, 1, 4.1809048503637314e-02 ]
   - [ 534, 772, 1, 4.8219680786132812e-02 ]
   - [ 537, 579, 1, 5.3123511373996735e-02 ]
   - [ 539, 1006, 1, 1.0896730422973633e-01 ]
   - [ 541, 615, 1, 7.4988588690757751e-02 ]
   - [ 542, 889, 1, 5.2135206758975983e-02 ]
   - [ 544, 480, 1, 9.4225227832794189e-02 ]
   - [ 545, 766, 1, 8.0753609538078308e-02 ]
   - [ 546, 533, 1, 1.2040568143129349e-01 ]
   - [ 548, 569, 1, 8.9659608900547028e-02 ]
   - [ 551, 555, 1, 9.7888223826885223e-02 ]
   - [ 555, 612, 1, 3.6154452711343765e-02 ]
   - [ 556, 309, 1, 4.5333396643400192e-02 ]
   - [ 557, 311, 1, 1.0213372856378555e-01 ]
   - [ 558, 690, 1, 6.2370214611291885e-02 ]
   - [ 559, 492, 1, 5.3516540676355362e-02 ]
   - [ 561, 443, 1, 9.1416373848915100e-02 ]
   - [ 562, 671, 1, 5.7110656052827835e-02 ]
   - [ 564, 457, 1, 8.1673882901668549e-02 ]
   - [ 566, 488, 1, 1.3377942144870758e-01 ]
   - [ 568, 621, 1, 1.0446330904960632e-01 ]
   - [ 569, 567, 1, 5.1677387207746506e-02 ]
   - [ 570, 587, 1, 5.3053565323352814e-02 ]
   - [ 572, 546, 1, 5.1848899573087692e-02 ]
   - [ 574, 820, 1, 5.6823819875717163e-02 ]
   - [ 575, 669, 1, 3.1261216849088669e-02 ]
   - [ 576, 398, 1, 6.8622015416622162e-02 ]
   - [ 579, 506, 1, 1.1099376529455185e-01 ]
   - [ 580, 824, 1, 1.1061284691095352e-01 ]
   - [ 582, 703, 1, 4.5745451003313065e-02 ]
   - [ 584, 982, 1, 5.9877935796976089e-02 ]
   - [ 586, 676, 1, 5.0598919391632080e-02 ]
   - [ 589, 548, 1, 8.2640968263149261e-02 ]
   - [ 596, 585, 1, 1.0757803171873093e-01 ]
   - [ 598, 537, 1, 1.3516716659069061e-01 ]
   - [ 600, 647, 1, 9.8732933402061462e-02 ]
   - [ 601, 506, 1, 5.8651745319366455e-02 ]
   - [ 602, 623, 1, 5.2585881203413010e-02 ]
   - [ 604, 751, 1, 9.8369538784027100e-02 ]
   - [ 605, 748, 1, 6.5454378724098206e-02 ]
   - [ 609, 1685, 1, 5.4904334247112274e-02 ]
   - [ 611, 616, 1, 8.3383135497570038e-02 ]
   - [ 613, 408, 1, 8.9555092155933380e-02 ]
   - [ 614, 643, 1, 3.5996939986944199e-02 ]
   - [ 616, 581, 1, 6.7966751754283905e-02 ]
   - [ 617, 300, 1, 1.1226769536733627e-01 ]
   - [ 618, 1058, 1, 4.5741133391857147e-02 ]
   - [ 621, 278, 1, 3.6386355757713318e-02 ]
   - [ 629, 627, 1, 8.0709494650363922e-02 ]
   - [ 633, 535, 1, 1.3037197291851044e-01 ]
   - [ 635, 709, 1, 5.2423186600208282e-02 ]
   - [ 636, 708, 1, 1.0513269901275635e-01 ]
   - [ 637, 720, 1, 9.5125392079353333e-02 ]
   - [ 639, 592, 1, 2.6234801858663559e-02 ]
   - [ 640, 562, 1, 1.3834880292415619e-01 ]
   - [ 641, 709, 1, 7.1946516633033752e-02 ]
   - [ 642, 552, 1, 6.2563091516494751e-02 ]
   - [ 646, 742, 1, 3.2303720712661743e-02 ]
   - [ 647, 685, 1, 1.0954051464796066e-01 ]
   - [ 649, 741, 1, 1.3681106269359589e-01 ]
   - [ 650, 650, 1, 9.7429506480693817e-02 ]
   - [ 654, 706, 1, 2.3773903027176857e-02 ]
   - [ 657, 569, 1, 6.9686546921730042e-02 ]
   - [ 664, 665, 1, 9.6130020916461945e-02 ]
   - [ 667, 1013, 1, 3.7703484296798706e-02 ]
   - [ 668, 639, 1, 1.0274366289377213e-01 ]
   - [ 670, 610, 1, 1.0991134494543076e-01 ]
   - [ 673, 915, 1, 1.2081754952669144e-01 ]
   - [ 674, 666, 1, 3.5849638283252716e-02 ]
   - [ 675, 862, 1, 4.3844256550073624e-02 ]
   - [ 676, 506, 1, 1.0665733367204666e-01 ]
   - [ 677, 597, 1, 2.9778929427266121e-02 ]
   - [ 678, 715, 1, 1.3449521362781525e-01 ]
   - [ 679, 811, 1, 8.8955543935298920e-02 ]
   - [ 682, 627, 1, 3.1064316630363464e-02 ]
   - [ 683, 695, 1, 8.6700864136219025e-02 ]
   - [ 688, 805, 1, 3.5274639725685120e-02 ]
   - [ 692, 644, 1, 1.1427741497755051e-01 ]
   - [ 696, 659, 1, 9.4064153730869293e-02 ]
   - [ 697, 690, 1, 5.0811838358640671e-02 ]
   - [ 698, 839, 1, 4.1624650359153748e-02 ]
   - [ 701, 762, 1, 7.1725524961948395e-02 ]
   - [ 702, 456, 1, 9.0201251208782196e-02 ]
   - [ 703, 765, 1, 3.6544431000947952e-02 ]
   - [ 707, 712, 1, 1.3937695324420929e-01 ]
   - [ 708, 1797, 1, 1.1696237325668335e-01 ]
   - [ 709, 727, 1, 1.0399011522531509e-01 ]
   - [ 710, 1396, 1, 1.1314054578542709e-01 ]
   - [ 713, 886, 1, 4.4415108859539032e-02 ]
   - [ 715, 672, 1, 1.0229957103729248e-01 ]
   - [ 718, 785, 1, 4.7252647578716278e-02 ]
   - [ 720, 685, 1, 8.0480985343456268e-02 ]
   - [ 721, 820, 1, 3.5181827843189240e-02 ]
   - [ 725, 878, 1, 4.1656672954559326e-02 ]
   - [ 729, 960, 1, 1.2762272357940674e-01 ]
   - [ 731, 599, 1, 8.2590520381927490e-02 ]
   - [ 732, 809, 1, 7.2758175432682037e-02 ]
   - [ 733, 872, 1, 5.0386704504489899e-02 ]
   - [ 735, 782, 1, 8.2769624888896942e-02 ]
   - [ 739, 648, 1, 9.7966358065605164e-02 ]
   - [ 741, 477, 1, 5.0951234996318817e-02 ]
   - [ 742, 1407, 1, 6.3762612640857697e-02 ]
   - [ 743, 673, 1, 6.7429639399051666e-02 ]
   - [ 744, 566, 1, 6.4724482595920563e-02 ]
   - [ 746, 719, 1, 4.4034484773874283e-02 ]
   - [ 749, 670, 1, 5.6203190237283707e-02 ]
   - [ 755, 729, 1, 7.7600225806236267e-02 ]
   - [ 758, 1001, 1, 9.4522669911384583e-02 ]
   - [ 759, 652, 1, 6.6101685166358948e-02 ]
   - [ 761, 892, 1, 1.3598068058490753e-01 ]
   - [ 762, 858, 1, 2.7252776548266411e-02 ]
   - [ 764, 980, 1, 1.0107365995645523e-01 ]
   - [ 766, 579, 1, 5.2044514566659927e-02 ]
   - [ 769, 658, 1, 4.6511616557836533e-02 ]
   - [ 770, 823, 1, 5.8866038918495178e-02 ]
   - [ 771, 787, 1, 3.3589161932468414e-02 ]
   - [ 772, 449, 1, 5.2757129073143005e-02 ]
   - [ 774, 754, 1, 1.0855461657047272e-01 ]
   - [ 776, 674, 1, 7.3487795889377594e-02 ]
   - [ 778, 869, 1, 4.5890785753726959e-02 ]
   - [ 782, 700, 1, 5.5197954177856445e-02 ]
   - [ 783, 424, 1, 8.6237080395221710e-02 ]
   - [ 785, 780, 1, 4.1645772755146027e-02 ]
   - [ 788, 871, 1, 5.2803590893745422e-02 ]
   - [ 790, 1321, 1, 2.7177713811397552e-02 ]
   - [ 791, 1562, 1, 7.5613215565681458e-02 ]
   - [ 793, 900, 1, 3.2957557588815689e-02 ]
   - [ 799, 823, 1, 1.4060811698436737e-01 ]
   - [ 807, 829, 1, 1.0010965168476105e-01 ]
   - [ 809, 962, 1, 8.4808342158794403e-02 ]
   - [ 810, 728, 1, 2.7765210717916489e-02 ]
   - [ 813, 531, 1, 1.1303499341011047e-01 ]
   - [ 814, 1160, 1, 7.4765563011169434e-02 ]
   - [ 818, 1008, 1, 1.1964698880910873e-01 ]
   - [ 820, 1037, 1, 4.2686410248279572e-02 ]
   - [ 821, 803, 1, 5.4623637348413467e-02 ]
   - [ 822, 408, 1, 6.9460138678550720e-02 ]
   - [ 823, 1223, 1, 1.2646308541297913e-01 ]
   - [ 826, 797, 1, 1.2309526652097702e-01 ]
   - [ 828, 1685, 1, 4.3833848088979721e-02 ]
   - [ 829, 793, 1, 1.2909887731075287e-01 ]
   - [ 832, 977, 1, 1.1545509099960327e-01 ]
   - [ 835, 849, 1, 6.3923612236976624e-02 ]
   - [ 836, 1205, 1, 9.6292488276958466e-02 ]
   - [ 838, 771, 1, 7.2921171784400940e-02 ]
   - [ 839, 907, 1, 1.0219510644674301e-01 ]
   - [ 840, 1235, 1, 2.0010957494378090e-02 ]
   - [ 849, 900, 1, 1.0888995230197906e-01 ]
   - [ 850, 813, 1, 5.2082713693380356e-02 ]
   - [ 853, 807, 1, 9.5931313931941986e-02 ]
   - [ 855, 920, 1, 6.6729739308357239e-02 ]
   - [ 856, 1488, 1, 1.2775085866451263e-01 ]
   - [ 859, 828, 1, 1.0479826480150223e-01 ]
   - [ 860, 900, 1, 1.2018807232379913e-01 ]
   - [ 862, 998, 1, 4.0945108979940414e-02 ]
   - [ 865, 584, 1, 3.3513423055410385e-02 ]
   - [ 866, 792, 1, 5.0524305552244186e-02 ]
   - [ 868, 1321, 1, 3.9383083581924438e-02 ]
   - [ 869, 1416, 1, 1.1918198317289352e-01 ]
   - [ 871, 834, 1, 5.6592222303152084e-02 ]
   - [ 873, 682, 1, 6.9385930895805359e-02 ]
   - [ 875, 518, 1, 1.0827227681875229e-01 ]
   - [ 877, 896, 1, 4.9217544496059418e-02 ]
   - [ 879, 1217, 1, 4.5185133814811707e-02 ]
   - [ 880, 1264, 1, 6.9791682064533234e-02 ]
   - [ 882, 898, 1, 1.1781150102615356e-01 ]
   - [ 883, 1110, 1, 1.2192539125680923e-01 ]
   - [ 888, 746, 1, 6.0271572321653366e-02 ]
   - [ 890, 929, 1, 6.4157404005527496e-02 ]
   - [ 891, 990, 1, 1.0449149459600449e-01 ]
   - [ 894, 1069, 1, 4.2533494532108307e-02 ]
   - [ 895, 795, 1, 6.2469225376844406e-02 ]
   - [ 897, 992, 1, 6.1464529484510422e-02 ]
   - [ 898, 1077, 1, 9.7784228622913361e-02 ]
   - [ 900, 1414, 1, 2.8400171548128128e-02 ]
   - [ 911, 994, 1, 3.7698253989219666e-02 ]
   - [ 912, 1125, 1, 9.8906159400939941e-02 ]
   - [ 914, 1476, 1, 9.1840118169784546e-02 ]
   - [ 917, 761, 1, 6.4021788537502289e-02 ]
   - [ 918, 1291, 1, 1.2697044014930725e-01 ]
   - [ 919, 1004, 1, 8.8294178247451782e-02 ]
   - [ 921, 1704, 1, 1.2707236409187317e-01 ]
   - [ 922, 657, 1, 1.1512397229671478e-01 ]
   - [ 923, 798, 1, 7.0655137300491333e-02 ]
   - [ 924, 1176, 1, 4.8432223498821259e-02 ]
   - [ 925, 937, 1, 1.0702040046453476e-01 ]
   - [ 926, 1585, 1, 6.1640925705432892e-02 ]
   - [ 929, 1023, 1, 1.1925100535154343e-01 ]
   - [ 930, 796, 1, 1.4155578613281250e-01 ]
   - [ 931, 1004, 1, 6.3535988330841064e-02 ]
   - [ 932, 1222, 1, 6.9857753813266754e-02 ]
   - [ 933, 714, 1, 6.4651221036911011e-02 ]
   - [ 934, 970, 1, 4.9863491207361221e-02 ]
   - [ 939, 984, 1, 4.0015872567892075e-02 ]
   - [ 941, 654, 1, 1.3196267187595367e-01 ]
   - [ 944, 905, 1, 3.9843842387199402e-02 ]
   - [ 945, 816, 1, 1.0706060379743576e-01 ]
   - [ 947, 875, 1, 4.9484297633171082e-02 ]
   - [ 948, 1075, 1, 6.6592998802661896e-02 ]
   - [ 952, 916, 1, 6.1561521142721176e-02 ]
   - [ 954, 796, 1, 1.2748298048973083e-01 ]
   - [ 955, 1347, 1, 2.7945579960942268e-02 ]
   - [ 956, 1029, 1, 6.2870576977729797e-02 ]
   - [ 959, 808, 1, 1.1164189130067825e-01 ]
   - [ 960, 1243, 1, 8.1361681222915649e-02 ]
   - [ 961, 1729, 1, 8.0674938857555389e-02 ]
   - [ 963, 955, 1, 1.1826463043689728e-01 ]
   - [ 967, 927, 1, 3.3368483185768127e-02 ]
   - [ 970, 1056, 1, 7.9306900501251221e-02 ]
   - [ 972, 555, 1, 8.2358494400978088e-02 ]
   - [ 975, 910, 1, 1.1055349558591843e-01 ]
   - [ 979, 1237, 1, 4.0707100182771683e-02 ]
   - [ 981, 1079, 1, 1.0275188088417053e-01 ]
   - [ 984, 989, 1, 4.0588203817605972e-02 ]
   - [ 986, 1002, 1, 7.9510234296321869e-02 ]
   - [ 987, 1091, 1, 8.0937325954437256e-02 ]
   - [ 989, 1347, 1, 3.0197693035006523e-02 ]
   - [ 992, 856, 1, 7.5782284140586853e-02 ]
   - [ 993, 1155, 1, 1.0333843529224396e-01 ]
   - [ 994, 1108, 1, 8.1698536872863770e-02 ]
   - [ 998, 1386, 1, 5.0723776221275330e-02 ]
   - [ 999, 1229, 1, 3.6310262978076935e-02 ]
   - [ 1001, 1150, 1, 2.9167210683226585e-02 ]
   - [ 1005, 1118, 1, 7.4864715337753296e-02 ]
   - [ 1008, 1033, 1, 7.6170168817043304e-02 ]
   - [ 1014, 970, 1, 7.8525379300117493e-02 ]
   - [ 1015, 1024, 1, 6.4711816608905792e-02 ]
   - [ 1016, 1172, 1, 5.2133426070213318e-02 ]
   - [ 1018, 728, 1, 5.7413652539253235e-02 ]
   - [ 1019, 1083, 1, 1.1894521117210388e-01 ]
   - [ 1020, 1329, 1, 9.8159000277519226e-02 ]
   - [ 1021, 1639, 1, 6.5789081156253815e-02 ]
   - [ 1027, 1272, 1, 4.8903983086347580e-02 ]
   - [ 1028, 884, 1, 1.3960020244121552e-01 ]
   - [ 1030, 1174, 1, 7.6686918735504150e-02 ]
   - [ 1034, 1057, 1, 9.2782944440841675e-02 ]
   - [ 1036, 1211, 1, 3.1708966940641403e-02 ]
   - [ 1037, 1039, 1, 1.0132003575563431e-01 ]
   - [ 1038, 911, 1, 1.2262090295553207e-01 ]
   - [ 1041, 1195, 1, 6.4758509397506714e-02 ]
   - [ 1042, 808, 1, 5.2895992994308472e-02 ]
   - [ 1045, 1017, 1, 1.0345096886157990e-01 ]
   - [ 1046, 749, 1, 9.5087476074695587e-02 ]
   - [ 1052, 908, 1, 1.1895274370908737e-01 ]
   - [ 1053, 1376, 1, 1.9189603626728058e-02 ]
   - [ 1054, 1187, 1, 3.1667504459619522e-02 ]
   - [ 1055, 1109, 1, 5.4563358426094055e-02 ]
   - [ 1056, 1347, 1, 2.9805090278387070e-02 ]
   - [ 1057, 1099, 1, 4.7148074954748154e-02 ]
   - [ 1058, 848, 1, 8.5356198251247406e-02 ]
   - [ 1059, 1549, 1, 5.8917284011840820e-02 ]
   - [ 1062, 808, 1, 4.5780584216117859e-02 ]
   - [ 1064, 841, 1, 3.7709418684244156e-02 ]
   - [ 1065, 1027, 1, 5.2057620137929916e-02 ]
   - [ 1066, 808, 1, 2.9891496524214745e-02 ]
   - [ 1067, 823, 1, 6.5020605921745300e-02 ]
   - [ 1068, 1088, 1, 6.0755118727684021e-02 ]
   - [ 1071, 1222, 1, 3.1642928719520569e-02 ]
   - [ 1073, 1309, 1, 1.3942471146583557e-01 ]
   - [ 1078, 1949, 1, 8.0515421926975250e-02 ]
   - [ 1080, 792, 1, 4.7713238745927811e-02 ]
   - [ 1083, 1635, 1, 1.7122372984886169e-02 ]
   - [ 1084, 1088, 1, 7.5782530009746552e-02 ]
   - [ 1087, 771, 1, 8.4351211786270142e-02 ]
   - [ 1090, 1027, 1, 5.3641617298126221e-02 ]
   - [ 1092, 1269, 1, 5.1465366035699844e-02 ]
   - [ 1094, 1013, 1, 4.3925601989030838e-02 ]
   - [ 1095, 958, 1, 9.9008373916149139e-02 ]
   - [ 1096, 1611, 1, 6.4000152051448822e-02 ]
   - [ 1098, 1654, 1, 1.2725463509559631e-01 ]
   - [ 1099, 1168, 1, 7.3061220347881317e-02 ]
   - [ 1100, 1031, 1, 6.8053834140300751e-02 ]
   - [ 1102, 1096, 1, 2.5537341833114624e-02 ]
   - [ 1106, 1419, 1, 6.1973653733730316e-02 ]
   - [ 1107, 957, 1, 1.4067728817462921e-01 ]
   - [ 1108, 1276, 1, 4.0212243795394897e-02 ]
   - [ 1110, 664, 1, 6.3522778451442719e-02 ]
   - [ 1115, 1096, 1, 2.5301484391093254e-02 ]
   - [ 1116, 1002, 1, 9.9793054163455963e-02 ]
   - [ 1117, 1255, 1, 2.9046937823295593e-02 ]
   - [ 1119, 1301, 1, 9.3494474887847900e-02 ]
   - [ 1120, 1208, 1, 6.3347555696964264e-02 ]
   - [ 1122, 1127, 1, 7.8790977597236633e-02 ]
   - [ 1123, 2026, 1, 6.1498187482357025e-02 ]
   - [ 1124, 1400, 1, 9.5659747719764709e-02 ]
   - [ 1128, 1238, 1, 3.8516756147146225e-02 ]
   - [ 1129, 1090, 1, 3.0290696769952774e-02 ]
   - [ 1131, 938, 1, 5.9554215520620346e-02 ]
   - [ 1136, 957, 1, 7.6562881469726562e-02 ]
   - [ 1137, 1080, 1, 9.1843977570533752e-02 ]
   - [ 1139, 608, 1, 4.6698987483978271e-02 ]
   - [ 1143, 1572, 1, 7.7199190855026245e-02 ]
   - [ 1144, 791, 1, 1.3831026852130890e-01 ]
   - [ 1145, 809, 1, 2.3190414533019066e-02 ]
   - [ 1148, 1200, 1, 9.9676527082920074e-02 ]
   - [ 1158, 1180, 1, 5.8102704584598541e-02 ]
   - [ 1160, 1306, 1, 2.8985839337110519e-02 ]
   - [ 1161, 792, 1, 3.3446390181779861e-02 ]
   - [ 1162, 1165, 1, 8.3103045821189880e-02 ]
   - [ 1163, 1392, 1, 3.5737257450819016e-02 ]
   - [ 1164, 1125, 1, 3.2033227384090424e-02 ]
   - [ 1166, 2019, 1, 7.0785559713840485e-02 ]
   - [ 1167, 671, 1, 5.3564362227916718e-02 ]
   - [ 1169, 1064, 1, 6.8004168570041656e-02 ]
   - [ 1170, 1809, 1, 6.9626159965991974e-02 ]
   - [ 1171, 1409, 1, 7.7208027243614197e-02 ]
   - [ 1172, 1495, 1, 2.6313401758670807e-02 ]
   - [ 1174, 1313, 1, 5.9095371514558792e-02 ]
   - [ 1175, 1253, 1, 6.2070742249488831e-02 ]
   - [ 1178, 1011, 1, 8.2940854132175446e-02 ]
   - [ 1179, 1669, 1, 1.0624571889638901e-01 ]
   - [ 1181, 1159, 1, 6.1594717204570770e-02 ]
   - [ 1184, 1642, 1, 1.0951341688632965e-01 ]
   - [ 1186, 1410, 1, 5.2630469202995300e-02 ]
   - [ 1190, 1154, 1, 5.7588975876569748e-02 ]
   - [ 1191, 674, 1, 7.6730214059352875e-02 ]
   - [ 1192, 1141, 1, 2.7686910703778267e-02 ]
   - [ 1194, 1257, 1, 1.0849320888519287e-01 ]
   - [ 1198, 834, 1, 4.5378625392913818e-02 ]
   - [ 1204, 1100, 1, 6.5602228045463562e-02 ]
   - [ 1207, 1052, 1, 4.7704320400953293e-02 ]
   - [ 1209, 472, 1, 6.5579295158386230e-02 ]
   - [ 1216, 1234, 1, 9.9635019898414612e-02 ]
   - [ 1218, 1154, 1, 8.0255106091499329e-02 ]
   - [ 1222, 1746, 1, 1.1350787431001663e-01 ]
   - [ 1223, 1285, 1, 3.3007699996232986e-02 ]
   - [ 1226, 799, 1, 8.1055469810962677e-02 ]
   - [ 1227, 1152, 1, 8.9428879320621490e-02 ]
   - [ 1230, 1104, 1, 1.3267888128757477e-01 ]
   - [ 1231, 641, 1, 2.8018703684210777e-02 ]
   - [ 1232, 1479, 1, 8.0844022333621979e-02 ]
   - [ 1236, 1746, 1, 5.1332093775272369e-02 ]
   - [ 1237, 1131, 1, 7.9661577939987183e-02 ]
   - [ 1238, 1423, 1, 8.7953500449657440e-02 ]
   - [ 1244, 1378, 1, 3.8812667131423950e-02 ]
   - [ 1247, 1294, 1, 2.9739998281002045e-02 ]
   - [ 1249, 1154, 1, 1.2564949691295624e-01 ]
   - [ 1251, 1653, 1, 8.6574047803878784e-02 ]
   - [ 1253, 1913, 1, 4.8203781247138977e-02 ]
   - [ 1259, 1323, 1, 7.5245968997478485e-02 ]
   - [ 1260, 1119, 1, 6.6965311765670776e-02 ]
   - [ 1261, 914, 1, 3.5381339490413666e-02 ]
   - [ 1264, 1283, 1, 6.4183726906776428e-02 ]
   - [ 1273, 1994, 1, 7.4933968484401703e-02 ]
   - [ 1275, 1457, 1, 3.4680135548114777e-02 ]
   - [ 1277, 1123, 1, 1.2985727190971375e-01 ]
   - [ 1279, 1694, 1, 1.0246105492115021e-01 ]
   - [ 1285, 1467, 1, 4.1284844279289246e-02 ]
   - [ 1286, 1059, 1, 3.5145726054906845e-02 ]
   - [ 1287, 1606, 1, 9.0416483581066132e-02 ]
   - [ 1289, 865, 1, 3.0242200940847397e-02 ]
   - [ 1290, 1237, 1, 6.7465558648109436e-02 ]
   - [ 1291, 1100, 1, 4.0748164057731628e-02 ]
   - [ 1296, 1644, 1, 1.2129729986190796e-01 ]
   - [ 1302, 1218, 1, 1.0780402272939682e-01 ]
   - [ 1304, 703, 1, 9.7031593322753906e-02 ]
   - [ 1307, 1059, 1, 3.4866951406002045e-02 ]
   - [ 1308, 1160, 1, 7.3024883866310120e-02 ]
   - [ 1311, 747, 1, 5.5736452341079712e-02 ]
   - [ 1312, 2008, 1, 3.8237474858760834e-02 ]
   - [ 1315, 1106, 1, 8.2432501018047333e-02 ]
   - [ 1318, 1285, 1, 8.8561445474624634e-02 ]
   - [ 1319, 1136, 1, 7.1681894361972809e-02 ]
   - [ 1320, 1310, 1, 6.3657887279987335e-02 ]
   - [ 1324, 1455, 1, 3.1884659081697464e-02 ]
   - [ 1326, 1156, 1, 1.2608315050601959e-01 ]
   - [ 1327, 1563, 1, 7.6961018145084381e-02 ]
   - [ 1331, 1051, 1, 6.2803536653518677e-02 ]
   - [ 1333, 1333, 1, 6.0859240591526031e-02 ]
   - [ 1335, 872, 1, 3.7070002406835556e-02 ]
   - [ 1336, 1333, 1, 1.1045399308204651e-01 ]
   - [ 1340, 1210, 1, 1.3227856159210205e-01 ]
   - [ 1344, 1474, 1, 8.1202328205108643e-02 ]
   - [ 1345, 1428, 1, 4.8221815377473831e-02 ]
   - [ 1346, 1284, 1, 6.8487800657749176e-02 ]
   - [ 1350, 1465, 1, 2.8702290728688240e-02 ]
   - [ 1351, 2008, 1, 4.2943250387907028e-02 ]
   - [ 1352, 1137, 1, 4.2203139513731003e-02 ]
   - [ 1361, 1812, 1, 9.2887409031391144e-02 ]
   - [ 1366, 1620, 1, 8.2228749990463257e-02 ]
   - [ 1367, 839, 1, 1.0499167442321777e-01 ]
   - [ 1368, 948, 1, 5.1889218389987946e-02 ]
   - [ 1369, 1531, 1, 4.1473008692264557e-02 ]
   - [ 1370, 1353, 1, 5.8808796107769012e-02 ]
   - [ 1374, 1767, 1, 9.3632847070693970e-02 ]
   - [ 1376, 1273, 1, 4.6457011252641678e-02 ]
   - [ 1378, 1566, 1, 8.5363976657390594e-02 ]
   - [ 1380, 752, 1, 1.3528470695018768e-01 ]
   - [ 1381, 1649, 1, 3.6559186875820160e-02 ]
   - [ 1382, 1532, 1, 6.5077923238277435e-02 ]
   - [ 1384, 1194, 1, 9.6435673534870148e-02 ]
   - [ 1387, 1728, 1, 1.3983675837516785e-01 ]
   - [ 1388, 753, 1, 1.0817303508520126e-01 ]
   - [ 1389, 938, 1, 9.3649722635746002e-02 ]
   - [ 1390, 1383, 1, 2.5657240301370621e-02 ]
   - [ 1391, 1387, 1, 7.8299485146999359e-02 ]
   - [ 1392, 1356, 1, 7.3225677013397217e-02 ]
   - [ 1393, 863, 1, 6.2359303236007690e-02 ]
   - [ 1398, 1475, 1, 9.9142491817474365e-02 ]
   - [ 1399, 1500, 1, 4.5423001050949097e-02 ]
   - [ 1400, 1532, 1, 1.0244929045438766e-01 ]
   - [ 1401, 1228, 1, 5.2286472171545029e-02 ]
   - [ 1403, 1491, 1, 1.4067332446575165e-01 ]
   - [ 1409, 1620, 1, 2.7198057621717453e-02 ]
   - [ 1410, 1857, 1, 1.3439080119132996e-01 ]
   - [ 1413, 1366, 1, 5.5238161236047745e-02 ]
   - [ 1415, 1270, 1, 6.9570004940032959e-02 ]
   - [ 1418, 1381, 1, 7.7474117279052734e-02 ]
   - [ 1419, 1146, 1, 1.2724207341670990e-01 ]
   - [ 1424, 1552, 1, 1.2423017621040344e-01 ]
   - [ 1425, 1061, 1, 2.5978729128837585e-02 ]
   - [ 1427, 1420, 1, 7.0317469537258148e-02 ]
   - [ 1444, 1422, 1, 1.2657983601093292e-01 ]
   - [ 1446, 1511, 1, 8.8636755943298340e-02 ]
   - [ 1447, 1076, 1, 7.4959993362426758e-02 ]
   - [ 1448, 1942, 1, 7.5039893388748169e-02 ]
   - [ 1449, 1540, 1, 1.0349915921688080e-01 ]
   - [ 1454, 1765, 1, 7.6940871775150299e-02 ]
   - [ 1455, 868, 1, 4.1991397738456726e-02 ]
   - [ 1457, 1384, 1, 8.5631906986236572e-02 ]
   - [ 1458, 1144, 1, 4.8005804419517517e-02 ]
   - [ 1461, 1514, 1, 9.1720402240753174e-02 ]
   - [ 1464, 1567, 1, 9.9264465272426605e-02 ]
   - [ 1467, 1241, 1, 1.0132903605699539e-01 ]
   - [ 1468, 969, 1, 7.1206763386726379e-02 ]
   - [ 1470, 1236, 1, 3.8543842732906342e-02 ]
   - [ 1472, 1648, 1, 7.0279471576213837e-02 ]
   - [ 1473, 1394, 1, 5.0611350685358047e-02 ]
   - [ 1475, 1920, 1, 6.2339007854461670e-02 ]
   - [ 1479, 1086, 1, 4.5017432421445847e-02 ]
   - [ 1480, 1547, 1, 5.4735157638788223e-02 ]
   - [ 1481, 1418, 1, 9.3924522399902344e-02 ]
   - [ 1486, 1838, 1, 1.0603334009647369e-01 ]
   - [ 1487, 1378, 1, 6.7888192832469940e-02 ]
   - [ 1491, 1266, 1, 1.1593879014253616e-01 ]
   - [ 1494, 1359, 1, 1.2653787434101105e-01 ]
   - [ 1500, 1061, 1, 3.2813712954521179e-02 ]
   - [ 1502, 1064, 1, 3.5213693976402283e-02 ]
   - [ 1503, 865, 1, 3.2419715076684952e-02 ]
   - [ 1504, 1086, 1, 8.8018074631690979e-02 ]
   - [ 1505, 1595, 1, 1.0336793959140778e-01 ]
   - [ 1506, 1613, 1, 6.3465587794780731e-02 ]
   - [ 1507, 1335, 1, 5.3551446646451950e-02 ]
   - [ 1508, 1755, 1, 9.2988155782222748e-02 ]
   - [ 1509, 1322, 1, 5.6269954890012741e-02 ]
   - [ 1511, 1595, 1, 1.1360201984643936e-01 ]
   - [ 1514, 1903, 1, 8.7536394596099854e-02 ]
   - [ 1515, 1924, 1, 1.0606383532285690e-01 ]
   - [ 1517, 1995, 1, 1.2249524891376495e-01 ]
   - [ 1518, 1429, 1, 1.1576949059963226e-01 ]
   - [ 1520, 1570, 1, 5.0240583717823029e-02 ]
   - [ 1523, 1282, 1, 1.2491127103567123e-01 ]
   - [ 1525, 1038, 1, 1.7021445557475090e-02 ]
   - [ 1526, 1503, 1, 6.7025363445281982e-02 ]
   - [ 1531, 1711, 1, 6.7583754658699036e-02 ]
   - [ 1533, 1848, 1, 5.9163078665733337e-02 ]
   - [ 1535, 1139, 1, 1.3837194442749023e-01 ]
   - [ 1543, 1630, 1, 1.3874284923076630e-01 ]
   - [ 1546, 1551, 1, 8.9329898357391357e-02 ]
   - [ 1551, 1560, 1, 9.0894393622875214e-02 ]
   - [ 1552, 1545, 1, 1.1135128885507584e-01 ]
   - [ 1553, 1764, 1, 8.3462812006473541e-02 ]
   - [ 1555, 1315, 1, 3.4092623740434647e-02 ]
   - [ 1557, 1324, 1, 1.0242102295160294e-01 ]
   - [ 1559, 2000, 1, 4.3189443647861481e-02 ]
   - [ 1561, 1443, 1, 9.2448122799396515e-02 ]
   - [ 1565, 1064, 1, 4.5943859964609146e-02 ]
   - [ 1568, 1910, 1, 9.2869676649570465e-02 ]
   - [ 1569, 1910, 1, 1.0356158763170242e-01 ]
   - [ 1570, 1598, 1, 5.9270277619361877e-02 ]
   - [ 1571, 1627, 1, 1.2409204244613647e-01 ]
   - [ 1576, 930, 1, 1.4030329883098602e-01 ]
   - [ 1579, 1476, 1, 1.1423510313034058e-01 ]
   - [ 1581, 2047, 1, 1.0022335499525070e-01 ]
   - [ 1587, 1444, 1, 6.1286106705665588e-02 ]
   - [ 1591, 1711, 1, 1.2757165729999542e-01 ]
   - [ 1593, 1317, 1, 4.2301304638385773e-02 ]
   - [ 1594, 2004, 1, 9.8135456442832947e-02 ]
   - [ 1599, 1506, 1, 8.6469754576683044e-02 ]
   - [ 1600, 1755, 1, 4.8346303403377533e-02 ]
   - [ 1602, 1185, 1, 4.7438118606805801e-02 ]
   - [ 1604, 1151, 1, 3.8700710982084274e-02 ]
   - [ 1605, 1052, 1, 1.2152152508497238e-01 ]
   - [ 1606, 890, 1, 7.7666878700256348e-02 ]
   - [ 1607, 1476, 1, 6.7211546003818512e-02 ]
   - [ 1609, 1399, 1, 1.0678871721029282e-01 ]
   - [ 1611, 1506, 1, 9.5287807285785675e-02 ]
   - [ 1612, 1693, 1, 7.3805682361125946e-02 ]
   - [ 1614, 1395, 1, 4.7051761299371719e-02 ]
   - [ 1619, 1950, 1, 2.2599900141358376e-02 ]
   - [ 1620, 1224, 1, 9.5851451158523560e-02 ]
   - [ 1622, 1656, 1, 4.9117263406515121e-02 ]
   - [ 1623, 1651, 1, 4.3693199753761292e-02 ]
   - [ 1626, 1759, 1, 3.4987464547157288e-02 ]
   - [ 1631, 506, 1, 1.1607151478528976e-01 ]
   - [ 1634, 1357, 1, 2.5181803852319717e-02 ]
   - [ 1639, 1303, 1, 4.6685189008712769e-02 ]
   - [ 1643, 1695, 1, 6.6378146409988403e-02 ]
   - [ 1647, 1764, 1, 1.0078997910022736e-01 ]
   - [ 1650, 1300, 1, 1.1874609440565109e-01 ]
   - [ 1651, 1009, 1, 1.2798783183097839e-01 ]
   - [ 1657, 1781, 1, 8.8437303900718689e-02 ]
   - [ 1658, 1529, 1, 5.8850381523370743e-02 ]
   - [ 1660, 1408, 1, 8.0643661320209503e-02 ]
   - [ 1664, 1844, 1, 8.0254547297954559e-02 ]
   - [ 1665, 1494, 1, 5.6847617030143738e-02 ]
   - [ 1666, 947, 1, 2.1907232701778412e-02 ]
   - [ 1668, 1252, 1, 5.8391682803630829e-02 ]
   - [ 1672, 1317, 1, 2.6999989524483681e-02 ]
   - [ 1674, 1604, 1, 4.7842595726251602e-02 ]
   - [ 1676, 1666, 1, 7.6816014945507050e-02 ]
   - [ 1680, 1461, 1, 8.7838515639305115e-02 ]
   - [ 1681, 1445, 1, 3.7614639848470688e-02 ]
   - [ 1684, 1938, 1, 1.0633606463670731e-01 ]
   - [ 1687, 1542, 1, 9.6942588686943054e-02 ]
   - [ 1688, 1985, 1, 3.0285751447081566e-02 ]
   - [ 1690, 1450, 1, 8.6316131055355072e-02 ]
   - [ 1693, 1061, 1, 4.4379733502864838e-02 ]
   - [ 1695, 1657, 1, 3.8884431123733521e-02 ]
   - [ 1696, 1581, 1, 7.3591053485870361e-02 ]
   - [ 1697, 1778, 1, 5.5997133255004883e-02 ]
   - [ 1698, 1762, 1, 5.2567336708307266e-02 ]
   - [ 1699, 1145, 1, 5.0820123404264450e-02 ]
   - [ 1700, 1796, 1, 6.2241282314062119e-02 ]
   - [ 1701, 1640, 1, 4.1133273392915726e-02 ]
   - [ 1702, 778, 1, 7.6202891767024994e-02 ]
   - [ 1704, 1985, 1, 3.1450003385543823e-02 ]
   - [ 1706, 832, 1, 3.3634457737207413e-02 ]
   - [ 1713, 1315, 1, 7.6056815683841705e-02 ]
   - [ 1715, 1650, 1, 1.1271449923515320e-01 ]
   - [ 1716, 926, 1, 4.4316701591014862e-02 ]
   - [ 1720, 1151, 1, 4.0854148566722870e-02 ]
   - [ 1726, 1740, 1, 1.0335934162139893e-01 ]
   - [ 1727, 2042, 1, 3.9042171090841293e-02 ]
   - [ 1729, 2023, 1, 5.9631187468767166e-02 ]
   - [ 1730, 1061, 1, 7.8324049711227417e-02 ]
   - [ 1733, 1579, 1, 5.1734238862991333e-02 ]
   - [ 1736, 1688, 1, 6.9137111306190491e-02 ]
   - [ 1743, 945, 1, 8.0033361911773682e-02 ]
   - [ 1744, 1450, 1, 1.0607518255710602e-01 ]
   - [ 1745, 1628, 1, 1.0369054228067398e-01 ]
   - [ 1746, 1521, 1, 9.5781221985816956e-02 ]
   - [ 1749, 1445, 1, 1.0644765198230743e-01 ]
   - [ 1750, 1749, 1, 4.6432137489318848e-02 ]
   - [ 1751, 1951, 1, 4.5578207820653915e-02 ]
   - [ 1753, 1665, 1, 1.3536348938941956e-01 ]
   - [ 1754, 1722, 1, 9.0515024960041046e-02 ]
   - [ 1757, 1753, 1, 7.1839496493339539e-02 ]
   - [ 1760, 2005, 1, 4.5645765960216522e-02 ]
   - [ 1769, 2001, 1, 4.3821714818477631e-02 ]
   - [ 1771, 1981, 1, 7.3773220181465149e-02 ]
   - [ 1772, 1554, 1, 7.1143344044685364e-02 ]
   - [ 1773, 1503, 1, 1.0558000952005386e-01 ]
   - [ 1789, 1328, 1, 8.0016322433948517e-02 ]
   - [ 1790, 1495, 1, 8.7075464427471161e-02 ]
   - [ 1791, 1662, 1, 9.7709596157073975e-02 ]
   - [ 1794, 1738, 1, 5.0093293190002441e-02 ]
   - [ 1801, 1856, 1, 7.4811339378356934e-02 ]
   - [ 1802, 1998, 1, 5.1199648529291153e-02 ]
   - [ 1803, 1628, 1, 5.0661142915487289e-02 ]
   - [ 1806, 1856, 1, 5.3600266575813293e-02 ]
   - [ 1810, 1593, 1, 1.0251200199127197e-01 ]
   - [ 1812, 1643, 1, 5.6982129812240601e-02 ]
   - [ 1814, 1748, 1, 8.1510268151760101e-02 ]
   - [ 1825, 1844, 1, 1.2308786809444427e-01 ]
   - [ 1826, 1884, 1, 1.0334073752164841e-01 ]
   - [ 1827, 1641, 1, 9.1245613992214203e-02 ]
   - [ 1828, 1656, 1, 6.2791369855403900e-02 ]
   - [ 1829, 1837, 1, 6.8469464778900146e-02 ]
   - [ 1830, 1918, 1, 5.2698519080877304e-02 ]
   - [ 1832, 1873, 1, 4.6309705823659897e-02 ]
   - [ 1834, 1627, 1, 8.8828235864639282e-02 ]
   - [ 1835, 1544, 1, 6.2079884111881256e-02 ]
   - [ 1836, 1933, 1, 1.0288578271865845e-01 ]
   - [ 1840, 1585, 1, 2.2719742730259895e-02 ]
   - [ 1843, 1999, 1, 6.5977983176708221e-02 ]
   - [ 1845, 1470, 1, 8.0739215016365051e-02 ]
   - [ 1848, 1745, 1, 1.1130605638027191e-01 ]
   - [ 1850, 1742, 1, 5.3945533931255341e-02 ]
   - [ 1852, 1453, 1, 6.3007228076457977e-02 ]
   - [ 1855, 2042, 1, 7.5754582881927490e-02 ]
   - [ 1856, 1712, 1, 1.1082924157381058e-01 ]
   - [ 1860, 1745, 1, 4.9629233777523041e-02 ]
   - [ 1864, 1807, 1, 5.4257772862911224e-02 ]
   - [ 1865, 1801, 1, 1.0507130622863770e-01 ]
   - [ 1876, 1729, 1, 2.2969314828515053e-02 ]
   - [ 1877, 1922, 1, 3.4699629992246628e-02 ]
   - [ 1881, 1880, 1, 6.7415215075016022e-02 ]
   - [ 1882, 1980, 1, 5.6985873728990555e-02 ]
   - [ 1886, 1830, 1, 8.0309987068176270e-02 ]
   - [ 1887, 1898, 1, 7.5640395283699036e-02 ]
   - [ 1891, 1792, 1, 9.1963030397891998e-02 ]
   - [ 1896, 1290, 1, 7.3060818016529083e-02 ]
   - [ 1901, 1753, 1, 7.5053229928016663e-02 ]
   - [ 1909, 1855, 1, 6.7312121391296387e-02 ]
   - [ 1913, 1684, 1, 1.0460180789232254e-01 ]
   - [ 1921, 1988, 1, 6.9123774766921997e-02 ]
   - [ 1925, 1795, 1, 4.5394908636808395e-02 ]
   - [ 1928, 1495, 1, 8.5934363305568695e-02 ]
   - [ 1930, 1599, 1, 6.0615502297878265e-02 ]
   - [ 1932, 1584, 1, 5.8472800999879837e-02 ]
   - [ 1936, 1433, 1, 9.6464484930038452e-02 ]
   - [ 1940, 1856, 1, 1.4033532142639160e-01 ]
   - [ 1946, 2042, 1, 3.2030481845140457e-02 ]
   - [ 1947, 1645, 1, 1.3393357396125793e-01 ]
   - [ 1948, 1962, 1, 5.1410958170890808e-02 ]
   - [ 1956, 1956, 1, 6.6614113748073578e-02 ]
   - [ 1958, 1935, 1, 1.3819140195846558e-01 ]
   - [ 1960, 1874, 1, 8.5451051592826843e-02 ]
   - [ 1966, 1661, 1, 1.3587185740470886e-01 ]
   - [ 1969, 1785, 1, 4.0005587041378021e-02 ]
   - [ 1974, 2021, 1, 2.5784961879253387e-02 ]
   - [ 1976, 1652, 1, 2.6712683960795403e-02 ]
   - [ 1979, 1210, 1, 1.2463381141424179e-01 ]
   - [ 1980, 1907, 1, 5.3825750946998596e-02 ]
   - [ 1985, 2001, 1, 5.1221188157796860e-02 ]
   - [ 1986, 1960, 1, 5.1640354096889496e-02 ]
   - [ 1987, 2023, 1, 1.3101330399513245e-01 ]
   - [ 1988, 1757, 1, 1.0594804584980011e-01 ]
   - [ 1990, 1010, 1, 8.7763808667659760e-02 ]
   - [ 1992, 922, 1, 1.3559022545814514e-01 ]
   - [ 1993, 1364, 1, 1.2366282939910889e-01 ]
   - [ 1996, 1983, 1, 4.6461254358291626e-02 ]
   - [ 1997, 1758, 1, 5.3353592753410339e-02 ]
   - [ 2004, 2024, 1, 1.1544559895992279e-01 ]
   - [ 2005, 1832, 1, 4.6993605792522430e-02 ]
   - [ 2008, 1932, 1, 7.9063981771469116e-02 ]
   - [ 2012, 1478, 1, 8.8863395154476166e-02 ]
   - [ 2015, 1737, 1, 7.3922596871852875e-02 ]
   - [ 2017, 2042, 1, 2.8618421405553818e-02 ]
   - [ 2020, 1874, 1, 8.2590647041797638e-02 ]
   - [ 2024, 1946, 1, 1.0734261572360992e-01 ]
   - [ 2027, 2057, 1, 7.1735642850399017e-02 ]
   - [ 2032, 2045, 1, 5.7985052466392517e-02 ]
   - [ 2041, 885, 1, 8.7521210312843323e-02 ]
   - [ 2050, 1300, 1, 1.3304431736469269e-01 ]
   - [ 2053, 1652, 1, 5.9242393821477890e-02 ]
   - [ 2058, 1852, 1, 9.1438494622707367e-02 ]
